CHR	POS	COUNT	FREQUENCY
1	1	0	0
1	100001	7	0.14
1	200001	7	0.14
1	300001	7	0.14
1	400001	7	0.14
1	500001	8	0.16
1	600001	9	0.18
1	700001	9	0.18
1	800001	9	0.18
1	900001	9	0.18
1	1000001	9	0.18
1	1100001	9	0.18
1	1200001	9	0.18
1	1300001	9	0.18
1	1400001	9	0.18
1	1500001	9	0.18
1	1600001	11	0.22
1	1700001	11	0.22
1	1800001	11	0.22
1	1900001	11	0.22
1	2000001	11	0.22
1	2100001	11	0.22
1	2200001	11	0.22
1	2300001	11	0.22
1	2400001	11	0.22
1	2500001	11	0.22
1	2600001	11	0.22
1	2700001	9	0.18
1	2800001	9	0.18
1	2900001	9	0.18
1	3000001	11	0.22
1	3100001	11	0.22
1	3200001	13	0.26
1	3300001	13	0.26
1	3400001	13	0.26
1	3500001	13	0.26
1	3600001	14	0.28
1	3700001	14	0.28
1	3800001	14	0.28
1	3900001	14	0.28
1	4000001	15	0.3
1	4100001	15	0.3
1	4200001	15	0.3
1	4300001	14	0.28
1	4400001	14	0.28
1	4500001	14	0.28
1	4600001	14	0.28
1	4700001	14	0.28
1	4800001	10	0.2
1	4900001	10	0.2
1	5000001	10	0.2
1	5100001	10	0.2
1	5200001	10	0.2
1	5300001	10	0.2
1	5400001	10	0.2
1	5500001	9	0.18
1	5600001	9	0.18
1	5700001	9	0.18
1	5800001	9	0.18
1	5900001	9	0.18
1	6000001	9	0.18
1	6100001	8	0.16
1	6200001	8	0.16
1	6300001	14	0.28
1	6400001	14	0.28
1	6500001	13	0.26
1	6600001	13	0.26
1	6700001	13	0.26
1	6800001	13	0.26
1	6900001	13	0.26
1	7000001	13	0.26
1	7100001	13	0.26
1	7200001	13	0.26
1	7300001	13	0.26
1	7400001	13	0.26
1	7500001	13	0.26
1	7600001	13	0.26
1	7700001	13	0.26
1	7800001	15	0.3
1	7900001	13	0.26
1	8000001	13	0.26
1	8100001	13	0.26
1	8200001	13	0.26
1	8300001	13	0.26
1	8400001	13	0.26
1	8500001	13	0.26
1	8600001	13	0.26
1	8700001	15	0.3
1	8800001	15	0.3
1	8900001	14	0.28
1	9000001	14	0.28
1	9100001	14	0.28
1	9200001	15	0.3
1	9300001	15	0.3
1	9400001	15	0.3
1	9500001	15	0.3
1	9600001	15	0.3
1	9700001	15	0.3
1	9800001	15	0.3
1	9900001	17	0.34
1	10000001	14	0.28
1	10100001	14	0.28
1	10200001	14	0.28
1	10300001	14	0.28
1	10400001	14	0.28
1	10500001	15	0.3
1	10600001	15	0.3
1	10700001	15	0.3
1	10800001	15	0.3
1	10900001	13	0.26
1	11000001	13	0.26
1	11100001	13	0.26
1	11200001	13	0.26
1	11300001	14	0.28
1	11400001	14	0.28
1	11500001	14	0.28
1	11600001	14	0.28
1	11700001	15	0.3
1	11800001	15	0.3
1	11900001	13	0.26
1	12000001	13	0.26
1	12100001	13	0.26
1	12200001	13	0.26
1	12300001	13	0.26
1	12400001	16	0.32
1	12500001	16	0.32
1	12600001	16	0.32
1	12700001	15	0.3
1	12800001	15	0.3
1	12900001	15	0.3
1	13000001	15	0.3
1	13100001	15	0.3
1	13200001	15	0.3
1	13300001	15	0.3
1	13400001	15	0.3
1	13500001	15	0.3
1	13600001	13	0.26
1	13700001	13	0.26
1	13800001	12	0.24
1	13900001	12	0.24
1	14000001	12	0.24
1	14100001	11	0.22
1	14200001	11	0.22
1	14300001	11	0.22
1	14400001	10	0.2
1	14500001	10	0.2
1	14600001	10	0.2
1	14700001	10	0.2
1	14800001	11	0.22
1	14900001	11	0.22
1	15000001	11	0.22
1	15100001	11	0.22
1	15200001	11	0.22
1	15300001	13	0.26
1	15400001	13	0.26
1	15500001	13	0.26
1	15600001	13	0.26
1	15700001	13	0.26
1	15800001	12	0.24
1	15900001	12	0.24
1	16000001	12	0.24
1	16100001	12	0.24
1	16200001	12	0.24
1	16300001	11	0.22
1	16400001	12	0.24
1	16500001	12	0.24
1	16600001	12	0.24
1	16700001	12	0.24
1	16800001	11	0.22
1	16900001	11	0.22
1	17000001	11	0.22
1	17100001	12	0.24
1	17200001	12	0.24
1	17300001	12	0.24
1	17400001	12	0.24
1	17500001	12	0.24
1	17600001	12	0.24
1	17700001	12	0.24
1	17800001	12	0.24
1	17900001	12	0.24
1	18000001	12	0.24
1	18100001	11	0.22
1	18200001	11	0.22
1	18300001	11	0.22
1	18400001	11	0.22
1	18500001	11	0.22
1	18600001	11	0.22
1	18700001	11	0.22
1	18800001	11	0.22
1	18900001	11	0.22
1	19000001	8	0.16
1	19100001	8	0.16
1	19200001	8	0.16
1	19300001	8	0.16
1	19400001	8	0.16
1	19500001	8	0.16
1	19600001	7	0.14
1	19700001	7	0.14
1	19800001	7	0.14
1	19900001	9	0.18
1	20000001	9	0.18
1	20100001	9	0.18
1	20200001	8	0.16
1	20300001	7	0.14
1	20400001	8	0.16
1	20500001	8	0.16
1	20600001	8	0.16
1	20700001	8	0.16
1	20800001	8	0.16
1	20900001	8	0.16
1	21000001	8	0.16
1	21100001	8	0.16
1	21200001	8	0.16
1	21300001	8	0.16
1	21400001	8	0.16
1	21500001	8	0.16
1	21600001	10	0.2
1	21700001	10	0.2
1	21800001	10	0.2
1	21900001	10	0.2
1	22000001	9	0.18
1	22100001	9	0.18
1	22200001	9	0.18
1	22300001	9	0.18
1	22400001	10	0.2
1	22500001	10	0.2
1	22600001	10	0.2
1	22700001	11	0.22
1	22800001	11	0.22
1	22900001	11	0.22
1	23000001	11	0.22
1	23100001	11	0.22
1	23200001	11	0.22
1	23300001	11	0.22
1	23400001	11	0.22
1	23500001	11	0.22
1	23600001	11	0.22
1	23700001	11	0.22
1	23800001	11	0.22
1	23900001	11	0.22
1	24000001	11	0.22
1	24100001	9	0.18
1	24200001	9	0.18
1	24300001	9	0.18
1	24400001	9	0.18
1	24500001	9	0.18
1	24600001	7	0.14
1	24700001	7	0.14
1	24800001	7	0.14
1	24900001	7	0.14
1	25000001	7	0.14
1	25100001	10	0.2
1	25200001	10	0.2
1	25300001	10	0.2
1	25400001	10	0.2
1	25500001	9	0.18
1	25600001	9	0.18
1	25700001	9	0.18
1	25800001	9	0.18
1	25900001	9	0.18
1	26000001	9	0.18
1	26100001	9	0.18
1	26200001	9	0.18
1	26300001	9	0.18
1	26400001	9	0.18
1	26500001	9	0.18
1	26600001	9	0.18
1	26700001	9	0.18
1	26800001	9	0.18
1	26900001	9	0.18
1	27000001	9	0.18
1	27100001	9	0.18
1	27200001	9	0.18
1	27300001	9	0.18
1	27400001	9	0.18
1	27500001	9	0.18
1	27600001	9	0.18
1	27700001	9	0.18
1	27800001	9	0.18
1	27900001	9	0.18
1	28000001	9	0.18
1	28100001	13	0.26
1	28200001	13	0.26
1	28300001	13	0.26
1	28400001	13	0.26
1	28500001	13	0.26
1	28600001	13	0.26
1	28700001	13	0.26
1	28800001	13	0.26
1	28900001	13	0.26
1	29000001	13	0.26
1	29100001	13	0.26
1	29200001	13	0.26
1	29300001	13	0.26
1	29400001	13	0.26
1	29500001	13	0.26
1	29600001	10	0.2
1	29700001	10	0.2
1	29800001	10	0.2
1	29900001	10	0.2
1	30000001	12	0.24
1	30100001	12	0.24
1	30200001	12	0.24
1	30300001	12	0.24
1	30400001	12	0.24
1	30500001	12	0.24
1	30600001	12	0.24
1	30700001	12	0.24
1	30800001	12	0.24
1	30900001	12	0.24
1	31000001	13	0.26
1	31100001	13	0.26
1	31200001	14	0.28
1	31300001	14	0.28
1	31400001	14	0.28
1	31500001	14	0.28
1	31600001	14	0.28
1	31700001	15	0.3
1	31800001	15	0.3
1	31900001	15	0.3
1	32000001	15	0.3
1	32100001	15	0.3
1	32200001	15	0.3
1	32300001	15	0.3
1	32400001	15	0.3
1	32500001	15	0.3
1	32600001	15	0.3
1	32700001	15	0.3
1	32800001	16	0.32
1	32900001	16	0.32
1	33000001	16	0.32
1	33100001	16	0.32
1	33200001	16	0.32
1	33300001	17	0.34
1	33400001	17	0.34
1	33500001	17	0.34
1	33600001	17	0.34
1	33700001	12	0.24
1	33800001	12	0.24
1	33900001	16	0.32
1	34000001	16	0.32
1	34100001	16	0.32
1	34200001	16	0.32
1	34300001	16	0.32
1	34400001	16	0.32
1	34500001	16	0.32
1	34600001	16	0.32
1	34700001	17	0.34
1	34800001	17	0.34
1	34900001	15	0.3
1	35000001	15	0.3
1	35100001	15	0.3
1	35200001	15	0.3
1	35300001	15	0.3
1	35400001	15	0.3
1	35500001	14	0.28
1	35600001	14	0.28
1	35700001	13	0.26
1	35800001	13	0.26
1	35900001	13	0.26
1	36000001	13	0.26
1	36100001	13	0.26
1	36200001	13	0.26
1	36300001	13	0.26
1	36400001	13	0.26
1	36500001	13	0.26
1	36600001	12	0.24
1	36700001	12	0.24
1	36800001	12	0.24
1	36900001	12	0.24
1	37000001	12	0.24
1	37100001	10	0.2
1	37200001	10	0.2
1	37300001	10	0.2
1	37400001	10	0.2
1	37500001	11	0.22
1	37600001	11	0.22
1	37700001	12	0.24
1	37800001	12	0.24
1	37900001	13	0.26
1	38000001	13	0.26
1	38100001	12	0.24
1	38200001	12	0.24
1	38300001	12	0.24
1	38400001	12	0.24
1	38500001	12	0.24
1	38600001	12	0.24
1	38700001	12	0.24
1	38800001	13	0.26
1	38900001	13	0.26
1	39000001	13	0.26
1	39100001	13	0.26
1	39200001	13	0.26
1	39300001	13	0.26
1	39400001	13	0.26
1	39500001	13	0.26
1	39600001	13	0.26
1	39700001	13	0.26
1	39800001	13	0.26
1	39900001	13	0.26
1	40000001	13	0.26
1	40100001	13	0.26
1	40200001	13	0.26
1	40300001	16	0.32
1	40400001	16	0.32
1	40500001	16	0.32
1	40600001	16	0.32
1	40700001	15	0.3
1	40800001	12	0.24
1	40900001	12	0.24
1	41000001	12	0.24
1	41100001	12	0.24
1	41200001	12	0.24
1	41300001	12	0.24
1	41400001	12	0.24
1	41500001	12	0.24
1	41600001	12	0.24
1	41700001	13	0.26
1	41800001	14	0.28
1	41900001	14	0.28
1	42000001	14	0.28
1	42100001	14	0.28
1	42200001	12	0.24
1	42300001	11	0.22
1	42400001	11	0.22
1	42500001	11	0.22
1	42600001	11	0.22
1	42700001	11	0.22
1	42800001	12	0.24
1	42900001	12	0.24
1	43000001	12	0.24
1	43100001	12	0.24
1	43200001	12	0.24
1	43300001	12	0.24
1	43400001	12	0.24
1	43500001	12	0.24
1	43600001	13	0.26
1	43700001	13	0.26
1	43800001	13	0.26
1	43900001	12	0.24
1	44000001	12	0.24
1	44100001	16	0.32
1	44200001	16	0.32
1	44300001	16	0.32
1	44400001	16	0.32
1	44500001	16	0.32
1	44600001	16	0.32
1	44700001	16	0.32
1	44800001	16	0.32
1	44900001	16	0.32
1	45000001	16	0.32
1	45100001	16	0.32
1	45200001	16	0.32
1	45300001	15	0.3
1	45400001	15	0.3
1	45500001	15	0.3
1	45600001	15	0.3
1	45700001	15	0.3
1	45800001	15	0.3
1	45900001	15	0.3
1	46000001	15	0.3
1	46100001	15	0.3
1	46200001	15	0.3
1	46300001	15	0.3
1	46400001	14	0.28
1	46500001	14	0.28
1	46600001	14	0.28
1	46700001	14	0.28
1	46800001	14	0.28
1	46900001	13	0.26
1	47000001	13	0.26
1	47100001	13	0.26
1	47200001	13	0.26
1	47300001	12	0.24
1	47400001	15	0.3
1	47500001	15	0.3
1	47600001	15	0.3
1	47700001	15	0.3
1	47800001	16	0.32
1	47900001	16	0.32
1	48000001	15	0.3
1	48100001	15	0.3
1	48200001	15	0.3
1	48300001	15	0.3
1	48400001	15	0.3
1	48500001	15	0.3
1	48600001	15	0.3
1	48700001	15	0.3
1	48800001	16	0.32
1	48900001	15	0.3
1	49000001	15	0.3
1	49100001	15	0.3
1	49200001	15	0.3
1	49300001	15	0.3
1	49400001	11	0.22
1	49500001	11	0.22
1	49600001	11	0.22
1	49700001	11	0.22
1	49800001	11	0.22
1	49900001	11	0.22
1	50000001	12	0.24
1	50100001	12	0.24
1	50200001	12	0.24
1	50300001	12	0.24
1	50400001	12	0.24
1	50500001	8	0.16
1	50600001	8	0.16
1	50700001	8	0.16
1	50800001	8	0.16
1	50900001	7	0.14
1	51000001	8	0.16
1	51100001	8	0.16
1	51200001	8	0.16
1	51300001	8	0.16
1	51400001	8	0.16
1	51500001	8	0.16
1	51600001	9	0.18
1	51700001	9	0.18
1	51800001	9	0.18
1	51900001	12	0.24
1	52000001	12	0.24
1	52100001	12	0.24
1	52200001	12	0.24
1	52300001	12	0.24
1	52400001	12	0.24
1	52500001	12	0.24
1	52600001	12	0.24
1	52700001	12	0.24
1	52800001	12	0.24
1	52900001	12	0.24
1	53000001	12	0.24
1	53100001	12	0.24
1	53200001	12	0.24
1	53300001	11	0.22
1	53400001	13	0.26
1	53500001	15	0.3
1	53600001	15	0.3
1	53700001	15	0.3
1	53800001	15	0.3
1	53900001	15	0.3
1	54000001	15	0.3
1	54100001	15	0.3
1	54200001	15	0.3
1	54300001	15	0.3
1	54400001	15	0.3
1	54500001	15	0.3
1	54600001	15	0.3
1	54700001	15	0.3
1	54800001	17	0.34
1	54900001	17	0.34
1	55000001	17	0.34
1	55100001	19	0.38
1	55200001	19	0.38
1	55300001	19	0.38
1	55400001	19	0.38
1	55500001	19	0.38
1	55600001	19	0.38
1	55700001	19	0.38
1	55800001	20	0.4
1	55900001	20	0.4
1	56000001	20	0.4
1	56100001	20	0.4
1	56200001	19	0.38
1	56300001	19	0.38
1	56400001	19	0.38
1	56500001	19	0.38
1	56600001	16	0.32
1	56700001	17	0.34
1	56800001	16	0.32
1	56900001	16	0.32
1	57000001	16	0.32
1	57100001	16	0.32
1	57200001	16	0.32
1	57300001	16	0.32
1	57400001	16	0.32
1	57500001	16	0.32
1	57600001	16	0.32
1	57700001	16	0.32
1	57800001	16	0.32
1	57900001	16	0.32
1	58000001	16	0.32
1	58100001	16	0.32
1	58200001	16	0.32
1	58300001	16	0.32
1	58400001	15	0.3
1	58500001	15	0.3
1	58600001	15	0.3
1	58700001	15	0.3
1	58800001	15	0.3
1	58900001	15	0.3
1	59000001	15	0.3
1	59100001	15	0.3
1	59200001	15	0.3
1	59300001	15	0.3
1	59400001	11	0.22
1	59500001	7	0.14
1	59600001	11	0.22
1	59700001	11	0.22
1	59800001	11	0.22
1	59900001	11	0.22
1	60000001	11	0.22
1	60100001	11	0.22
1	60200001	11	0.22
1	60300001	11	0.22
1	60400001	11	0.22
1	60500001	11	0.22
1	60600001	11	0.22
1	60700001	13	0.26
1	60800001	14	0.28
1	60900001	14	0.28
1	61000001	17	0.34
1	61100001	17	0.34
1	61200001	17	0.34
1	61300001	17	0.34
1	61400001	17	0.34
1	61500001	17	0.34
1	61600001	17	0.34
1	61700001	17	0.34
1	61800001	17	0.34
1	61900001	17	0.34
1	62000001	17	0.34
1	62100001	20	0.4
1	62200001	20	0.4
1	62300001	19	0.38
1	62400001	19	0.38
1	62500001	19	0.38
1	62600001	19	0.38
1	62700001	19	0.38
1	62800001	19	0.38
1	62900001	19	0.38
1	63000001	19	0.38
1	63100001	19	0.38
1	63200001	19	0.38
1	63300001	19	0.38
1	63400001	19	0.38
1	63500001	19	0.38
1	63600001	17	0.34
1	63700001	17	0.34
1	63800001	16	0.32
1	63900001	16	0.32
1	64000001	14	0.28
1	64100001	14	0.28
1	64200001	14	0.28
1	64300001	12	0.24
1	64400001	12	0.24
1	64500001	10	0.2
1	64600001	10	0.2
1	64700001	9	0.18
1	64800001	9	0.18
1	64900001	9	0.18
1	65000001	9	0.18
1	65100001	9	0.18
1	65200001	9	0.18
1	65300001	9	0.18
1	65400001	9	0.18
1	65500001	9	0.18
1	65600001	8	0.16
1	65700001	8	0.16
1	65800001	8	0.16
1	65900001	5	0.1
1	66000001	5	0.1
1	66100001	5	0.1
1	66200001	5	0.1
1	66300001	6	0.12
1	66400001	6	0.12
1	66500001	6	0.12
1	66600001	6	0.12
1	66700001	4	0.08
1	66800001	4	0.08
1	66900001	4	0.08
1	67000001	4	0.08
1	67100001	4	0.08
1	67200001	4	0.08
1	67300001	4	0.08
1	67400001	5	0.1
1	67500001	5	0.1
1	67600001	4	0.08
1	67700001	4	0.08
1	67800001	4	0.08
1	67900001	4	0.08
1	68000001	6	0.12
1	68100001	6	0.12
1	68200001	7	0.14
1	68300001	7	0.14
1	68400001	7	0.14
1	68500001	7	0.14
1	68600001	7	0.14
1	68700001	7	0.14
1	68800001	7	0.14
1	68900001	7	0.14
1	69000001	7	0.14
1	69100001	7	0.14
1	69200001	7	0.14
1	69300001	7	0.14
1	69400001	7	0.14
1	69500001	7	0.14
1	69600001	7	0.14
1	69700001	7	0.14
1	69800001	7	0.14
1	69900001	7	0.14
1	70000001	7	0.14
1	70100001	7	0.14
1	70200001	9	0.18
1	70300001	9	0.18
1	70400001	9	0.18
1	70500001	9	0.18
1	70600001	9	0.18
1	70700001	9	0.18
1	70800001	11	0.22
1	70900001	11	0.22
1	71000001	11	0.22
1	71100001	11	0.22
1	71200001	11	0.22
1	71300001	10	0.2
1	71400001	11	0.22
1	71500001	12	0.24
1	71600001	12	0.24
1	71700001	12	0.24
1	71800001	12	0.24
1	71900001	12	0.24
1	72000001	12	0.24
1	72100001	12	0.24
1	72200001	15	0.3
1	72300001	15	0.3
1	72400001	15	0.3
1	72500001	15	0.3
1	72600001	15	0.3
1	72700001	18	0.36
1	72800001	18	0.36
1	72900001	18	0.36
1	73000001	18	0.36
1	73100001	18	0.36
1	73200001	18	0.36
1	73300001	18	0.36
1	73400001	18	0.36
1	73500001	18	0.36
1	73600001	18	0.36
1	73700001	18	0.36
1	73800001	18	0.36
1	73900001	18	0.36
1	74000001	18	0.36
1	74100001	18	0.36
1	74200001	16	0.32
1	74300001	11	0.22
1	74400001	11	0.22
1	74500001	11	0.22
1	74600001	9	0.18
1	74700001	8	0.16
1	74800001	8	0.16
1	74900001	8	0.16
1	75000001	8	0.16
1	75100001	8	0.16
1	75200001	8	0.16
1	75300001	8	0.16
1	75400001	8	0.16
1	75500001	8	0.16
1	75600001	8	0.16
1	75700001	8	0.16
1	75800001	8	0.16
1	75900001	8	0.16
1	76000001	8	0.16
1	76100001	8	0.16
1	76200001	8	0.16
1	76300001	8	0.16
1	76400001	4	0.08
1	76500001	4	0.08
1	76600001	4	0.08
1	76700001	4	0.08
1	76800001	4	0.08
1	76900001	4	0.08
1	77000001	4	0.08
1	77100001	4	0.08
1	77200001	4	0.08
1	77300001	4	0.08
1	77400001	4	0.08
1	77500001	4	0.08
1	77600001	4	0.08
1	77700001	4	0.08
1	77800001	4	0.08
1	77900001	4	0.08
1	78000001	4	0.08
1	78100001	4	0.08
1	78200001	4	0.08
1	78300001	4	0.08
1	78400001	4	0.08
1	78500001	4	0.08
1	78600001	4	0.08
1	78700001	4	0.08
1	78800001	4	0.08
1	78900001	4	0.08
1	79000001	4	0.08
1	79100001	4	0.08
1	79200001	2	0.04
1	79300001	2	0.04
1	79400001	2	0.04
1	79500001	2	0.04
1	79600001	2	0.04
1	79700001	2	0.04
1	79800001	2	0.04
1	79900001	2	0.04
1	80000001	2	0.04
1	80100001	2	0.04
1	80200001	2	0.04
1	80300001	2	0.04
1	80400001	3	0.06
1	80500001	3	0.06
1	80600001	3	0.06
1	80700001	3	0.06
1	80800001	3	0.06
1	80900001	3	0.06
1	81000001	3	0.06
1	81100001	3	0.06
1	81200001	3	0.06
1	81300001	4	0.08
1	81400001	4	0.08
1	81500001	4	0.08
1	81600001	4	0.08
1	81700001	4	0.08
1	81800001	4	0.08
1	81900001	9	0.18
1	82000001	9	0.18
1	82100001	9	0.18
1	82200001	9	0.18
1	82300001	9	0.18
1	82400001	9	0.18
1	82500001	9	0.18
1	82600001	9	0.18
1	82700001	9	0.18
1	82800001	9	0.18
1	82900001	9	0.18
1	83000001	9	0.18
1	83100001	9	0.18
1	83200001	9	0.18
1	83300001	9	0.18
1	83400001	9	0.18
1	83500001	9	0.18
1	83600001	9	0.18
1	83700001	10	0.2
1	83800001	10	0.2
1	83900001	10	0.2
1	84000001	11	0.22
1	84100001	11	0.22
1	84200001	11	0.22
1	84300001	11	0.22
1	84400001	11	0.22
1	84500001	11	0.22
1	84600001	11	0.22
1	84700001	11	0.22
1	84800001	11	0.22
1	84900001	11	0.22
1	85000001	11	0.22
1	85100001	11	0.22
1	85200001	10	0.2
1	85300001	10	0.2
1	85400001	10	0.2
1	85500001	7	0.14
1	85600001	7	0.14
1	85700001	7	0.14
1	85800001	7	0.14
1	85900001	7	0.14
1	86000001	7	0.14
1	86100001	7	0.14
1	86200001	7	0.14
1	86300001	7	0.14
1	86400001	6	0.12
1	86500001	6	0.12
1	86600001	6	0.12
1	86700001	6	0.12
1	86800001	6	0.12
1	86900001	6	0.12
1	87000001	6	0.12
1	87100001	8	0.16
1	87200001	8	0.16
1	87300001	8	0.16
1	87400001	8	0.16
1	87500001	7	0.14
1	87600001	7	0.14
1	87700001	9	0.18
1	87800001	9	0.18
1	87900001	9	0.18
1	88000001	7	0.14
1	88100001	6	0.12
1	88200001	6	0.12
1	88300001	6	0.12
1	88400001	6	0.12
1	88500001	6	0.12
1	88600001	6	0.12
1	88700001	6	0.12
1	88800001	6	0.12
1	88900001	6	0.12
1	89000001	7	0.14
1	89100001	7	0.14
1	89200001	7	0.14
1	89300001	7	0.14
1	89400001	9	0.18
1	89500001	9	0.18
1	89600001	9	0.18
1	89700001	9	0.18
1	89800001	9	0.18
1	89900001	9	0.18
1	90000001	9	0.18
1	90100001	9	0.18
1	90200001	9	0.18
1	90300001	8	0.16
1	90400001	7	0.14
1	90500001	7	0.14
1	90600001	7	0.14
1	90700001	7	0.14
1	90800001	7	0.14
1	90900001	8	0.16
1	91000001	8	0.16
1	91100001	8	0.16
1	91200001	8	0.16
1	91300001	8	0.16
1	91400001	8	0.16
1	91500001	8	0.16
1	91600001	8	0.16
1	91700001	8	0.16
1	91800001	8	0.16
1	91900001	7	0.14
1	92000001	7	0.14
1	92100001	7	0.14
1	92200001	7	0.14
1	92300001	7	0.14
1	92400001	7	0.14
1	92500001	6	0.12
1	92600001	6	0.12
1	92700001	6	0.12
1	92800001	6	0.12
1	92900001	6	0.12
1	93000001	6	0.12
1	93100001	6	0.12
1	93200001	6	0.12
1	93300001	6	0.12
1	93400001	6	0.12
1	93500001	6	0.12
1	93600001	6	0.12
1	93700001	6	0.12
1	93800001	6	0.12
1	93900001	0	0
1	94000001	0	0
1	94100001	0	0
1	94200001	0	0
1	94300001	0	0
1	94400001	0	0
1	94500001	0	0
1	94600001	0	0
1	94700001	0	0
1	94800001	0	0
1	94900001	0	0
1	95000001	0	0
1	95100001	0	0
1	95200001	0	0
1	95300001	0	0
1	95400001	0	0
1	95500001	0	0
1	95600001	0	0
1	95700001	0	0
1	95800001	0	0
1	95900001	0	0
1	96000001	0	0
1	96100001	0	0
1	96200001	0	0
1	96300001	0	0
1	96400001	0	0
1	96500001	0	0
1	96600001	0	0
1	96700001	0	0
1	96800001	0	0
1	96900001	0	0
1	97000001	0	0
1	97100001	0	0
1	97200001	0	0
1	97300001	0	0
1	97400001	0	0
1	97500001	0	0
1	97600001	0	0
1	97700001	0	0
1	97800001	0	0
1	97900001	0	0
1	98000001	0	0
1	98100001	0	0
1	98200001	0	0
1	98300001	0	0
1	98400001	0	0
1	98500001	0	0
1	98600001	0	0
1	98700001	0	0
1	98800001	0	0
1	98900001	0	0
1	99000001	0	0
1	99100001	0	0
1	99200001	0	0
1	99300001	0	0
1	99400001	0	0
1	99500001	0	0
1	99600001	0	0
1	99700001	0	0
1	99800001	0	0
1	99900001	0	0
1	100000001	0	0
1	100100001	0	0
1	100200001	0	0
1	100300001	0	0
1	100400001	0	0
1	100500001	0	0
1	100600001	0	0
1	100700001	0	0
1	100800001	0	0
1	100900001	0	0
1	101000001	0	0
1	101100001	0	0
1	101200001	0	0
1	101300001	0	0
1	101400001	0	0
1	101500001	0	0
1	101600001	0	0
1	101700001	0	0
1	101800001	0	0
1	101900001	0	0
1	102000001	0	0
1	102100001	0	0
1	102200001	0	0
1	102300001	0	0
1	102400001	0	0
1	102500001	0	0
1	102600001	0	0
1	102700001	0	0
1	102800001	0	0
1	102900001	0	0
1	103000001	0	0
1	103100001	0	0
1	103200001	0	0
1	103300001	0	0
1	103400001	0	0
1	103500001	0	0
1	103600001	0	0
1	103700001	0	0
1	103800001	0	0
1	103900001	0	0
1	104000001	0	0
1	104100001	0	0
1	104200001	0	0
1	104300001	0	0
1	104400001	0	0
1	104500001	0	0
1	104600001	0	0
1	104700001	0	0
1	104800001	0	0
1	104900001	0	0
1	105000001	0	0
1	105100001	0	0
1	105200001	0	0
1	105300001	0	0
1	105400001	0	0
1	105500001	0	0
1	105600001	0	0
1	105700001	0	0
1	105800001	0	0
1	105900001	0	0
1	106000001	0	0
1	106100001	0	0
1	106200001	0	0
1	106300001	0	0
1	106400001	0	0
1	106500001	0	0
1	106600001	0	0
1	106700001	0	0
1	106800001	0	0
1	106900001	0	0
1	107000001	0	0
1	107100001	0	0
1	107200001	0	0
1	107300001	0	0
1	107400001	0	0
1	107500001	0	0
1	107600001	0	0
1	107700001	0	0
1	107800001	0	0
1	107900001	0	0
1	108000001	0	0
1	108100001	0	0
1	108200001	0	0
1	108300001	0	0
1	108400001	0	0
1	108500001	0	0
1	108600001	0	0
1	108700001	0	0
1	108800001	0	0
1	108900001	0	0
1	109000001	0	0
1	109100001	0	0
1	109200001	0	0
1	109300001	0	0
1	109400001	0	0
1	109500001	0	0
1	109600001	0	0
1	109700001	0	0
1	109800001	0	0
1	109900001	0	0
1	110000001	0	0
1	110100001	0	0
1	110200001	0	0
1	110300001	0	0
1	110400001	0	0
1	110500001	0	0
1	110600001	0	0
1	110700001	0	0
1	110800001	0	0
1	110900001	0	0
1	111000001	0	0
1	111100001	0	0
1	111200001	0	0
1	111300001	0	0
1	111400001	0	0
1	111500001	0	0
1	111600001	0	0
1	111700001	0	0
1	111800001	0	0
1	111900001	0	0
1	112000001	0	0
1	112100001	0	0
1	112200001	0	0
1	112300001	0	0
1	112400001	0	0
1	112500001	0	0
1	112600001	0	0
1	112700001	0	0
1	112800001	0	0
1	112900001	0	0
1	113000001	0	0
1	113100001	0	0
1	113200001	0	0
1	113300001	0	0
1	113400001	0	0
1	113500001	0	0
1	113600001	0	0
1	113700001	0	0
1	113800001	0	0
1	113900001	0	0
1	114000001	0	0
1	114100001	0	0
1	114200001	0	0
1	114300001	0	0
1	114400001	0	0
1	114500001	0	0
1	114600001	0	0
1	114700001	0	0
1	114800001	0	0
1	114900001	0	0
1	115000001	0	0
1	115100001	0	0
1	115200001	0	0
1	115300001	0	0
1	115400001	0	0
1	115500001	0	0
1	115600001	0	0
1	115700001	0	0
1	115800001	0	0
1	115900001	0	0
1	116000001	0	0
1	116100001	0	0
1	116200001	0	0
1	116300001	0	0
1	116400001	0	0
1	116500001	0	0
1	116600001	0	0
1	116700001	0	0
1	116800001	0	0
1	116900001	0	0
1	117000001	0	0
1	117100001	0	0
1	117200001	0	0
1	117300001	0	0
1	117400001	0	0
1	117500001	0	0
1	117600001	0	0
1	117700001	0	0
1	117800001	0	0
1	117900001	0	0
1	118000001	0	0
1	118100001	0	0
1	118200001	0	0
1	118300001	0	0
1	118400001	0	0
1	118500001	0	0
1	118600001	0	0
1	118700001	0	0
1	118800001	0	0
1	118900001	0	0
1	119000001	0	0
1	119100001	0	0
1	119200001	0	0
1	119300001	0	0
1	119400001	0	0
1	119500001	0	0
1	119600001	0	0
1	119700001	0	0
1	119800001	0	0
1	119900001	0	0
1	120000001	0	0
1	120100001	0	0
1	120200001	0	0
1	120300001	0	0
1	120400001	0	0
1	120500001	0	0
1	120600001	0	0
1	120700001	0	0
1	120800001	0	0
1	120900001	0	0
1	121000001	0	0
1	121100001	0	0
1	121200001	0	0
1	121300001	0	0
1	121400001	0	0
1	121500001	0	0
1	121600001	0	0
1	121700001	0	0
1	121800001	0	0
1	121900001	0	0
1	122000001	0	0
1	122100001	0	0
1	122200001	0	0
1	122300001	0	0
1	122400001	0	0
1	122500001	0	0
1	122600001	0	0
1	122700001	0	0
1	122800001	0	0
1	122900001	0	0
1	123000001	0	0
1	123100001	0	0
1	123200001	0	0
1	123300001	0	0
1	123400001	0	0
1	123500001	0	0
1	123600001	0	0
1	123700001	0	0
1	123800001	0	0
1	123900001	0	0
1	124000001	0	0
1	124100001	0	0
1	124200001	0	0
1	124300001	0	0
1	124400001	0	0
1	124500001	0	0
1	124600001	0	0
1	124700001	0	0
1	124800001	0	0
1	124900001	0	0
1	100000	0	0
1	200000	7	0.14
1	300000	7	0.14
1	400000	7	0.14
1	500000	7	0.14
1	600000	8	0.16
1	700000	9	0.18
1	800000	9	0.18
1	900000	9	0.18
1	1000000	9	0.18
1	1100000	9	0.18
1	1200000	9	0.18
1	1300000	9	0.18
1	1400000	9	0.18
1	1500000	9	0.18
1	1600000	9	0.18
1	1700000	11	0.22
1	1800000	11	0.22
1	1900000	11	0.22
1	2000000	11	0.22
1	2100000	11	0.22
1	2200000	11	0.22
1	2300000	11	0.22
1	2400000	11	0.22
1	2500000	11	0.22
1	2600000	11	0.22
1	2700000	11	0.22
1	2800000	9	0.18
1	2900000	9	0.18
1	3000000	9	0.18
1	3100000	11	0.22
1	3200000	11	0.22
1	3300000	13	0.26
1	3400000	13	0.26
1	3500000	13	0.26
1	3600000	13	0.26
1	3700000	14	0.28
1	3800000	14	0.28
1	3900000	14	0.28
1	4000000	14	0.28
1	4100000	15	0.3
1	4200000	15	0.3
1	4300000	15	0.3
1	4400000	14	0.28
1	4500000	14	0.28
1	4600000	14	0.28
1	4700000	14	0.28
1	4800000	14	0.28
1	4900000	10	0.2
1	5000000	10	0.2
1	5100000	10	0.2
1	5200000	10	0.2
1	5300000	10	0.2
1	5400000	10	0.2
1	5500000	10	0.2
1	5600000	9	0.18
1	5700000	9	0.18
1	5800000	9	0.18
1	5900000	9	0.18
1	6000000	9	0.18
1	6100000	9	0.18
1	6200000	8	0.16
1	6300000	8	0.16
1	6400000	14	0.28
1	6500000	14	0.28
1	6600000	13	0.26
1	6700000	13	0.26
1	6800000	13	0.26
1	6900000	13	0.26
1	7000000	13	0.26
1	7100000	13	0.26
1	7200000	13	0.26
1	7300000	13	0.26
1	7400000	13	0.26
1	7500000	13	0.26
1	7600000	13	0.26
1	7700000	13	0.26
1	7800000	13	0.26
1	7900000	15	0.3
1	8000000	13	0.26
1	8100000	13	0.26
1	8200000	13	0.26
1	8300000	13	0.26
1	8400000	13	0.26
1	8500000	13	0.26
1	8600000	13	0.26
1	8700000	13	0.26
1	8800000	15	0.3
1	8900000	15	0.3
1	9000000	14	0.28
1	9100000	14	0.28
1	9200000	14	0.28
1	9300000	15	0.3
1	9400000	15	0.3
1	9500000	15	0.3
1	9600000	15	0.3
1	9700000	15	0.3
1	9800000	15	0.3
1	9900000	15	0.3
1	10000000	17	0.34
1	10100000	14	0.28
1	10200000	14	0.28
1	10300000	14	0.28
1	10400000	14	0.28
1	10500000	14	0.28
1	10600000	15	0.3
1	10700000	15	0.3
1	10800000	15	0.3
1	10900000	15	0.3
1	11000000	13	0.26
1	11100000	13	0.26
1	11200000	13	0.26
1	11300000	13	0.26
1	11400000	14	0.28
1	11500000	14	0.28
1	11600000	14	0.28
1	11700000	14	0.28
1	11800000	15	0.3
1	11900000	15	0.3
1	12000000	13	0.26
1	12100000	13	0.26
1	12200000	13	0.26
1	12300000	13	0.26
1	12400000	13	0.26
1	12500000	16	0.32
1	12600000	16	0.32
1	12700000	16	0.32
1	12800000	15	0.3
1	12900000	15	0.3
1	13000000	15	0.3
1	13100000	15	0.3
1	13200000	15	0.3
1	13300000	15	0.3
1	13400000	15	0.3
1	13500000	15	0.3
1	13600000	15	0.3
1	13700000	13	0.26
1	13800000	13	0.26
1	13900000	12	0.24
1	14000000	12	0.24
1	14100000	12	0.24
1	14200000	11	0.22
1	14300000	11	0.22
1	14400000	11	0.22
1	14500000	10	0.2
1	14600000	10	0.2
1	14700000	10	0.2
1	14800000	10	0.2
1	14900000	11	0.22
1	15000000	11	0.22
1	15100000	11	0.22
1	15200000	11	0.22
1	15300000	11	0.22
1	15400000	13	0.26
1	15500000	13	0.26
1	15600000	13	0.26
1	15700000	13	0.26
1	15800000	13	0.26
1	15900000	12	0.24
1	16000000	12	0.24
1	16100000	12	0.24
1	16200000	12	0.24
1	16300000	12	0.24
1	16400000	11	0.22
1	16500000	12	0.24
1	16600000	12	0.24
1	16700000	12	0.24
1	16800000	12	0.24
1	16900000	11	0.22
1	17000000	11	0.22
1	17100000	11	0.22
1	17200000	12	0.24
1	17300000	12	0.24
1	17400000	12	0.24
1	17500000	12	0.24
1	17600000	12	0.24
1	17700000	12	0.24
1	17800000	12	0.24
1	17900000	12	0.24
1	18000000	12	0.24
1	18100000	12	0.24
1	18200000	11	0.22
1	18300000	11	0.22
1	18400000	11	0.22
1	18500000	11	0.22
1	18600000	11	0.22
1	18700000	11	0.22
1	18800000	11	0.22
1	18900000	11	0.22
1	19000000	11	0.22
1	19100000	8	0.16
1	19200000	8	0.16
1	19300000	8	0.16
1	19400000	8	0.16
1	19500000	8	0.16
1	19600000	8	0.16
1	19700000	7	0.14
1	19800000	7	0.14
1	19900000	7	0.14
1	20000000	9	0.18
1	20100000	9	0.18
1	20200000	9	0.18
1	20300000	8	0.16
1	20400000	7	0.14
1	20500000	8	0.16
1	20600000	8	0.16
1	20700000	8	0.16
1	20800000	8	0.16
1	20900000	8	0.16
1	21000000	8	0.16
1	21100000	8	0.16
1	21200000	8	0.16
1	21300000	8	0.16
1	21400000	8	0.16
1	21500000	8	0.16
1	21600000	8	0.16
1	21700000	10	0.2
1	21800000	10	0.2
1	21900000	10	0.2
1	22000000	10	0.2
1	22100000	9	0.18
1	22200000	9	0.18
1	22300000	9	0.18
1	22400000	9	0.18
1	22500000	10	0.2
1	22600000	10	0.2
1	22700000	10	0.2
1	22800000	11	0.22
1	22900000	11	0.22
1	23000000	11	0.22
1	23100000	11	0.22
1	23200000	11	0.22
1	23300000	11	0.22
1	23400000	11	0.22
1	23500000	11	0.22
1	23600000	11	0.22
1	23700000	11	0.22
1	23800000	11	0.22
1	23900000	11	0.22
1	24000000	11	0.22
1	24100000	11	0.22
1	24200000	9	0.18
1	24300000	9	0.18
1	24400000	9	0.18
1	24500000	9	0.18
1	24600000	9	0.18
1	24700000	7	0.14
1	24800000	7	0.14
1	24900000	7	0.14
1	25000000	7	0.14
1	25100000	7	0.14
1	25200000	10	0.2
1	25300000	10	0.2
1	25400000	10	0.2
1	25500000	10	0.2
1	25600000	9	0.18
1	25700000	9	0.18
1	25800000	9	0.18
1	25900000	9	0.18
1	26000000	9	0.18
1	26100000	9	0.18
1	26200000	9	0.18
1	26300000	9	0.18
1	26400000	9	0.18
1	26500000	9	0.18
1	26600000	9	0.18
1	26700000	9	0.18
1	26800000	9	0.18
1	26900000	9	0.18
1	27000000	9	0.18
1	27100000	9	0.18
1	27200000	9	0.18
1	27300000	9	0.18
1	27400000	9	0.18
1	27500000	9	0.18
1	27600000	9	0.18
1	27700000	9	0.18
1	27800000	9	0.18
1	27900000	9	0.18
1	28000000	9	0.18
1	28100000	9	0.18
1	28200000	13	0.26
1	28300000	13	0.26
1	28400000	13	0.26
1	28500000	13	0.26
1	28600000	13	0.26
1	28700000	13	0.26
1	28800000	13	0.26
1	28900000	13	0.26
1	29000000	13	0.26
1	29100000	13	0.26
1	29200000	13	0.26
1	29300000	13	0.26
1	29400000	13	0.26
1	29500000	13	0.26
1	29600000	13	0.26
1	29700000	10	0.2
1	29800000	10	0.2
1	29900000	10	0.2
1	30000000	10	0.2
1	30100000	12	0.24
1	30200000	12	0.24
1	30300000	12	0.24
1	30400000	12	0.24
1	30500000	12	0.24
1	30600000	12	0.24
1	30700000	12	0.24
1	30800000	12	0.24
1	30900000	12	0.24
1	31000000	12	0.24
1	31100000	13	0.26
1	31200000	13	0.26
1	31300000	14	0.28
1	31400000	14	0.28
1	31500000	14	0.28
1	31600000	14	0.28
1	31700000	14	0.28
1	31800000	15	0.3
1	31900000	15	0.3
1	32000000	15	0.3
1	32100000	15	0.3
1	32200000	15	0.3
1	32300000	15	0.3
1	32400000	15	0.3
1	32500000	15	0.3
1	32600000	15	0.3
1	32700000	15	0.3
1	32800000	15	0.3
1	32900000	16	0.32
1	33000000	16	0.32
1	33100000	16	0.32
1	33200000	16	0.32
1	33300000	16	0.32
1	33400000	17	0.34
1	33500000	17	0.34
1	33600000	17	0.34
1	33700000	17	0.34
1	33800000	12	0.24
1	33900000	12	0.24
1	34000000	16	0.32
1	34100000	16	0.32
1	34200000	16	0.32
1	34300000	16	0.32
1	34400000	16	0.32
1	34500000	16	0.32
1	34600000	16	0.32
1	34700000	16	0.32
1	34800000	17	0.34
1	34900000	17	0.34
1	35000000	15	0.3
1	35100000	15	0.3
1	35200000	15	0.3
1	35300000	15	0.3
1	35400000	15	0.3
1	35500000	15	0.3
1	35600000	14	0.28
1	35700000	14	0.28
1	35800000	13	0.26
1	35900000	13	0.26
1	36000000	13	0.26
1	36100000	13	0.26
1	36200000	13	0.26
1	36300000	13	0.26
1	36400000	13	0.26
1	36500000	13	0.26
1	36600000	13	0.26
1	36700000	12	0.24
1	36800000	12	0.24
1	36900000	12	0.24
1	37000000	12	0.24
1	37100000	12	0.24
1	37200000	10	0.2
1	37300000	10	0.2
1	37400000	10	0.2
1	37500000	10	0.2
1	37600000	11	0.22
1	37700000	11	0.22
1	37800000	12	0.24
1	37900000	12	0.24
1	38000000	13	0.26
1	38100000	13	0.26
1	38200000	12	0.24
1	38300000	12	0.24
1	38400000	12	0.24
1	38500000	12	0.24
1	38600000	12	0.24
1	38700000	12	0.24
1	38800000	12	0.24
1	38900000	13	0.26
1	39000000	13	0.26
1	39100000	13	0.26
1	39200000	13	0.26
1	39300000	13	0.26
1	39400000	13	0.26
1	39500000	13	0.26
1	39600000	13	0.26
1	39700000	13	0.26
1	39800000	13	0.26
1	39900000	13	0.26
1	40000000	13	0.26
1	40100000	13	0.26
1	40200000	13	0.26
1	40300000	13	0.26
1	40400000	16	0.32
1	40500000	16	0.32
1	40600000	16	0.32
1	40700000	16	0.32
1	40800000	15	0.3
1	40900000	12	0.24
1	41000000	12	0.24
1	41100000	12	0.24
1	41200000	12	0.24
1	41300000	12	0.24
1	41400000	12	0.24
1	41500000	12	0.24
1	41600000	12	0.24
1	41700000	12	0.24
1	41800000	13	0.26
1	41900000	14	0.28
1	42000000	14	0.28
1	42100000	14	0.28
1	42200000	14	0.28
1	42300000	12	0.24
1	42400000	11	0.22
1	42500000	11	0.22
1	42600000	11	0.22
1	42700000	11	0.22
1	42800000	11	0.22
1	42900000	12	0.24
1	43000000	12	0.24
1	43100000	12	0.24
1	43200000	12	0.24
1	43300000	12	0.24
1	43400000	12	0.24
1	43500000	12	0.24
1	43600000	12	0.24
1	43700000	13	0.26
1	43800000	13	0.26
1	43900000	13	0.26
1	44000000	12	0.24
1	44100000	12	0.24
1	44200000	16	0.32
1	44300000	16	0.32
1	44400000	16	0.32
1	44500000	16	0.32
1	44600000	16	0.32
1	44700000	16	0.32
1	44800000	16	0.32
1	44900000	16	0.32
1	45000000	16	0.32
1	45100000	16	0.32
1	45200000	16	0.32
1	45300000	16	0.32
1	45400000	15	0.3
1	45500000	15	0.3
1	45600000	15	0.3
1	45700000	15	0.3
1	45800000	15	0.3
1	45900000	15	0.3
1	46000000	15	0.3
1	46100000	15	0.3
1	46200000	15	0.3
1	46300000	15	0.3
1	46400000	15	0.3
1	46500000	14	0.28
1	46600000	14	0.28
1	46700000	14	0.28
1	46800000	14	0.28
1	46900000	14	0.28
1	47000000	13	0.26
1	47100000	13	0.26
1	47200000	13	0.26
1	47300000	13	0.26
1	47400000	12	0.24
1	47500000	15	0.3
1	47600000	15	0.3
1	47700000	15	0.3
1	47800000	15	0.3
1	47900000	16	0.32
1	48000000	16	0.32
1	48100000	15	0.3
1	48200000	15	0.3
1	48300000	15	0.3
1	48400000	15	0.3
1	48500000	15	0.3
1	48600000	15	0.3
1	48700000	15	0.3
1	48800000	15	0.3
1	48900000	16	0.32
1	49000000	15	0.3
1	49100000	15	0.3
1	49200000	15	0.3
1	49300000	15	0.3
1	49400000	15	0.3
1	49500000	11	0.22
1	49600000	11	0.22
1	49700000	11	0.22
1	49800000	11	0.22
1	49900000	11	0.22
1	50000000	11	0.22
1	50100000	12	0.24
1	50200000	12	0.24
1	50300000	12	0.24
1	50400000	12	0.24
1	50500000	12	0.24
1	50600000	8	0.16
1	50700000	8	0.16
1	50800000	8	0.16
1	50900000	8	0.16
1	51000000	7	0.14
1	51100000	8	0.16
1	51200000	8	0.16
1	51300000	8	0.16
1	51400000	8	0.16
1	51500000	8	0.16
1	51600000	8	0.16
1	51700000	9	0.18
1	51800000	9	0.18
1	51900000	9	0.18
1	52000000	12	0.24
1	52100000	12	0.24
1	52200000	12	0.24
1	52300000	12	0.24
1	52400000	12	0.24
1	52500000	12	0.24
1	52600000	12	0.24
1	52700000	12	0.24
1	52800000	12	0.24
1	52900000	12	0.24
1	53000000	12	0.24
1	53100000	12	0.24
1	53200000	12	0.24
1	53300000	12	0.24
1	53400000	11	0.22
1	53500000	13	0.26
1	53600000	15	0.3
1	53700000	15	0.3
1	53800000	15	0.3
1	53900000	15	0.3
1	54000000	15	0.3
1	54100000	15	0.3
1	54200000	15	0.3
1	54300000	15	0.3
1	54400000	15	0.3
1	54500000	15	0.3
1	54600000	15	0.3
1	54700000	15	0.3
1	54800000	15	0.3
1	54900000	17	0.34
1	55000000	17	0.34
1	55100000	17	0.34
1	55200000	19	0.38
1	55300000	19	0.38
1	55400000	19	0.38
1	55500000	19	0.38
1	55600000	19	0.38
1	55700000	19	0.38
1	55800000	19	0.38
1	55900000	20	0.4
1	56000000	20	0.4
1	56100000	20	0.4
1	56200000	20	0.4
1	56300000	19	0.38
1	56400000	19	0.38
1	56500000	19	0.38
1	56600000	19	0.38
1	56700000	16	0.32
1	56800000	17	0.34
1	56900000	16	0.32
1	57000000	16	0.32
1	57100000	16	0.32
1	57200000	16	0.32
1	57300000	16	0.32
1	57400000	16	0.32
1	57500000	16	0.32
1	57600000	16	0.32
1	57700000	16	0.32
1	57800000	16	0.32
1	57900000	16	0.32
1	58000000	16	0.32
1	58100000	16	0.32
1	58200000	16	0.32
1	58300000	16	0.32
1	58400000	16	0.32
1	58500000	15	0.3
1	58600000	15	0.3
1	58700000	15	0.3
1	58800000	15	0.3
1	58900000	15	0.3
1	59000000	15	0.3
1	59100000	15	0.3
1	59200000	15	0.3
1	59300000	15	0.3
1	59400000	15	0.3
1	59500000	11	0.22
1	59600000	7	0.14
1	59700000	11	0.22
1	59800000	11	0.22
1	59900000	11	0.22
1	60000000	11	0.22
1	60100000	11	0.22
1	60200000	11	0.22
1	60300000	11	0.22
1	60400000	11	0.22
1	60500000	11	0.22
1	60600000	11	0.22
1	60700000	11	0.22
1	60800000	13	0.26
1	60900000	14	0.28
1	61000000	14	0.28
1	61100000	17	0.34
1	61200000	17	0.34
1	61300000	17	0.34
1	61400000	17	0.34
1	61500000	17	0.34
1	61600000	17	0.34
1	61700000	17	0.34
1	61800000	17	0.34
1	61900000	17	0.34
1	62000000	17	0.34
1	62100000	17	0.34
1	62200000	20	0.4
1	62300000	20	0.4
1	62400000	19	0.38
1	62500000	19	0.38
1	62600000	19	0.38
1	62700000	19	0.38
1	62800000	19	0.38
1	62900000	19	0.38
1	63000000	19	0.38
1	63100000	19	0.38
1	63200000	19	0.38
1	63300000	19	0.38
1	63400000	19	0.38
1	63500000	19	0.38
1	63600000	19	0.38
1	63700000	17	0.34
1	63800000	17	0.34
1	63900000	16	0.32
1	64000000	16	0.32
1	64100000	14	0.28
1	64200000	14	0.28
1	64300000	14	0.28
1	64400000	12	0.24
1	64500000	12	0.24
1	64600000	10	0.2
1	64700000	10	0.2
1	64800000	9	0.18
1	64900000	9	0.18
1	65000000	9	0.18
1	65100000	9	0.18
1	65200000	9	0.18
1	65300000	9	0.18
1	65400000	9	0.18
1	65500000	9	0.18
1	65600000	9	0.18
1	65700000	8	0.16
1	65800000	8	0.16
1	65900000	8	0.16
1	66000000	5	0.1
1	66100000	5	0.1
1	66200000	5	0.1
1	66300000	5	0.1
1	66400000	6	0.12
1	66500000	6	0.12
1	66600000	6	0.12
1	66700000	6	0.12
1	66800000	4	0.08
1	66900000	4	0.08
1	67000000	4	0.08
1	67100000	4	0.08
1	67200000	4	0.08
1	67300000	4	0.08
1	67400000	4	0.08
1	67500000	5	0.1
1	67600000	5	0.1
1	67700000	4	0.08
1	67800000	4	0.08
1	67900000	4	0.08
1	68000000	4	0.08
1	68100000	6	0.12
1	68200000	6	0.12
1	68300000	7	0.14
1	68400000	7	0.14
1	68500000	7	0.14
1	68600000	7	0.14
1	68700000	7	0.14
1	68800000	7	0.14
1	68900000	7	0.14
1	69000000	7	0.14
1	69100000	7	0.14
1	69200000	7	0.14
1	69300000	7	0.14
1	69400000	7	0.14
1	69500000	7	0.14
1	69600000	7	0.14
1	69700000	7	0.14
1	69800000	7	0.14
1	69900000	7	0.14
1	70000000	7	0.14
1	70100000	7	0.14
1	70200000	7	0.14
1	70300000	9	0.18
1	70400000	9	0.18
1	70500000	9	0.18
1	70600000	9	0.18
1	70700000	9	0.18
1	70800000	9	0.18
1	70900000	11	0.22
1	71000000	11	0.22
1	71100000	11	0.22
1	71200000	11	0.22
1	71300000	11	0.22
1	71400000	10	0.2
1	71500000	11	0.22
1	71600000	12	0.24
1	71700000	12	0.24
1	71800000	12	0.24
1	71900000	12	0.24
1	72000000	12	0.24
1	72100000	12	0.24
1	72200000	12	0.24
1	72300000	15	0.3
1	72400000	15	0.3
1	72500000	15	0.3
1	72600000	15	0.3
1	72700000	15	0.3
1	72800000	18	0.36
1	72900000	18	0.36
1	73000000	18	0.36
1	73100000	18	0.36
1	73200000	18	0.36
1	73300000	18	0.36
1	73400000	18	0.36
1	73500000	18	0.36
1	73600000	18	0.36
1	73700000	18	0.36
1	73800000	18	0.36
1	73900000	18	0.36
1	74000000	18	0.36
1	74100000	18	0.36
1	74200000	18	0.36
1	74300000	16	0.32
1	74400000	11	0.22
1	74500000	11	0.22
1	74600000	11	0.22
1	74700000	9	0.18
1	74800000	8	0.16
1	74900000	8	0.16
1	75000000	8	0.16
1	75100000	8	0.16
1	75200000	8	0.16
1	75300000	8	0.16
1	75400000	8	0.16
1	75500000	8	0.16
1	75600000	8	0.16
1	75700000	8	0.16
1	75800000	8	0.16
1	75900000	8	0.16
1	76000000	8	0.16
1	76100000	8	0.16
1	76200000	8	0.16
1	76300000	8	0.16
1	76400000	8	0.16
1	76500000	4	0.08
1	76600000	4	0.08
1	76700000	4	0.08
1	76800000	4	0.08
1	76900000	4	0.08
1	77000000	4	0.08
1	77100000	4	0.08
1	77200000	4	0.08
1	77300000	4	0.08
1	77400000	4	0.08
1	77500000	4	0.08
1	77600000	4	0.08
1	77700000	4	0.08
1	77800000	4	0.08
1	77900000	4	0.08
1	78000000	4	0.08
1	78100000	4	0.08
1	78200000	4	0.08
1	78300000	4	0.08
1	78400000	4	0.08
1	78500000	4	0.08
1	78600000	4	0.08
1	78700000	4	0.08
1	78800000	4	0.08
1	78900000	4	0.08
1	79000000	4	0.08
1	79100000	4	0.08
1	79200000	4	0.08
1	79300000	2	0.04
1	79400000	2	0.04
1	79500000	2	0.04
1	79600000	2	0.04
1	79700000	2	0.04
1	79800000	2	0.04
1	79900000	2	0.04
1	80000000	2	0.04
1	80100000	2	0.04
1	80200000	2	0.04
1	80300000	2	0.04
1	80400000	2	0.04
1	80500000	3	0.06
1	80600000	3	0.06
1	80700000	3	0.06
1	80800000	3	0.06
1	80900000	3	0.06
1	81000000	3	0.06
1	81100000	3	0.06
1	81200000	3	0.06
1	81300000	3	0.06
1	81400000	4	0.08
1	81500000	4	0.08
1	81600000	4	0.08
1	81700000	4	0.08
1	81800000	4	0.08
1	81900000	4	0.08
1	82000000	9	0.18
1	82100000	9	0.18
1	82200000	9	0.18
1	82300000	9	0.18
1	82400000	9	0.18
1	82500000	9	0.18
1	82600000	9	0.18
1	82700000	9	0.18
1	82800000	9	0.18
1	82900000	9	0.18
1	83000000	9	0.18
1	83100000	9	0.18
1	83200000	9	0.18
1	83300000	9	0.18
1	83400000	9	0.18
1	83500000	9	0.18
1	83600000	9	0.18
1	83700000	9	0.18
1	83800000	10	0.2
1	83900000	10	0.2
1	84000000	10	0.2
1	84100000	11	0.22
1	84200000	11	0.22
1	84300000	11	0.22
1	84400000	11	0.22
1	84500000	11	0.22
1	84600000	11	0.22
1	84700000	11	0.22
1	84800000	11	0.22
1	84900000	11	0.22
1	85000000	11	0.22
1	85100000	11	0.22
1	85200000	11	0.22
1	85300000	10	0.2
1	85400000	10	0.2
1	85500000	10	0.2
1	85600000	7	0.14
1	85700000	7	0.14
1	85800000	7	0.14
1	85900000	7	0.14
1	86000000	7	0.14
1	86100000	7	0.14
1	86200000	7	0.14
1	86300000	7	0.14
1	86400000	7	0.14
1	86500000	6	0.12
1	86600000	6	0.12
1	86700000	6	0.12
1	86800000	6	0.12
1	86900000	6	0.12
1	87000000	6	0.12
1	87100000	6	0.12
1	87200000	8	0.16
1	87300000	8	0.16
1	87400000	8	0.16
1	87500000	8	0.16
1	87600000	7	0.14
1	87700000	7	0.14
1	87800000	9	0.18
1	87900000	9	0.18
1	88000000	9	0.18
1	88100000	7	0.14
1	88200000	6	0.12
1	88300000	6	0.12
1	88400000	6	0.12
1	88500000	6	0.12
1	88600000	6	0.12
1	88700000	6	0.12
1	88800000	6	0.12
1	88900000	6	0.12
1	89000000	6	0.12
1	89100000	7	0.14
1	89200000	7	0.14
1	89300000	7	0.14
1	89400000	7	0.14
1	89500000	9	0.18
1	89600000	9	0.18
1	89700000	9	0.18
1	89800000	9	0.18
1	89900000	9	0.18
1	90000000	9	0.18
1	90100000	9	0.18
1	90200000	9	0.18
1	90300000	9	0.18
1	90400000	8	0.16
1	90500000	7	0.14
1	90600000	7	0.14
1	90700000	7	0.14
1	90800000	7	0.14
1	90900000	7	0.14
1	91000000	8	0.16
1	91100000	8	0.16
1	91200000	8	0.16
1	91300000	8	0.16
1	91400000	8	0.16
1	91500000	8	0.16
1	91600000	8	0.16
1	91700000	8	0.16
1	91800000	8	0.16
1	91900000	8	0.16
1	92000000	7	0.14
1	92100000	7	0.14
1	92200000	7	0.14
1	92300000	7	0.14
1	92400000	7	0.14
1	92500000	7	0.14
1	92600000	6	0.12
1	92700000	6	0.12
1	92800000	6	0.12
1	92900000	6	0.12
1	93000000	6	0.12
1	93100000	6	0.12
1	93200000	6	0.12
1	93300000	6	0.12
1	93400000	6	0.12
1	93500000	6	0.12
1	93600000	6	0.12
1	93700000	6	0.12
1	93800000	6	0.12
1	93900000	6	0.12
1	94000000	0	0
1	94100000	0	0
1	94200000	0	0
1	94300000	0	0
1	94400000	0	0
1	94500000	0	0
1	94600000	0	0
1	94700000	0	0
1	94800000	0	0
1	94900000	0	0
1	95000000	0	0
1	95100000	0	0
1	95200000	0	0
1	95300000	0	0
1	95400000	0	0
1	95500000	0	0
1	95600000	0	0
1	95700000	0	0
1	95800000	0	0
1	95900000	0	0
1	96000000	0	0
1	96100000	0	0
1	96200000	0	0
1	96300000	0	0
1	96400000	0	0
1	96500000	0	0
1	96600000	0	0
1	96700000	0	0
1	96800000	0	0
1	96900000	0	0
1	97000000	0	0
1	97100000	0	0
1	97200000	0	0
1	97300000	0	0
1	97400000	0	0
1	97500000	0	0
1	97600000	0	0
1	97700000	0	0
1	97800000	0	0
1	97900000	0	0
1	98000000	0	0
1	98100000	0	0
1	98200000	0	0
1	98300000	0	0
1	98400000	0	0
1	98500000	0	0
1	98600000	0	0
1	98700000	0	0
1	98800000	0	0
1	98900000	0	0
1	99000000	0	0
1	99100000	0	0
1	99200000	0	0
1	99300000	0	0
1	99400000	0	0
1	99500000	0	0
1	99600000	0	0
1	99700000	0	0
1	99800000	0	0
1	99900000	0	0
1	100000000	0	0
1	100100000	0	0
1	100200000	0	0
1	100300000	0	0
1	100400000	0	0
1	100500000	0	0
1	100600000	0	0
1	100700000	0	0
1	100800000	0	0
1	100900000	0	0
1	101000000	0	0
1	101100000	0	0
1	101200000	0	0
1	101300000	0	0
1	101400000	0	0
1	101500000	0	0
1	101600000	0	0
1	101700000	0	0
1	101800000	0	0
1	101900000	0	0
1	102000000	0	0
1	102100000	0	0
1	102200000	0	0
1	102300000	0	0
1	102400000	0	0
1	102500000	0	0
1	102600000	0	0
1	102700000	0	0
1	102800000	0	0
1	102900000	0	0
1	103000000	0	0
1	103100000	0	0
1	103200000	0	0
1	103300000	0	0
1	103400000	0	0
1	103500000	0	0
1	103600000	0	0
1	103700000	0	0
1	103800000	0	0
1	103900000	0	0
1	104000000	0	0
1	104100000	0	0
1	104200000	0	0
1	104300000	0	0
1	104400000	0	0
1	104500000	0	0
1	104600000	0	0
1	104700000	0	0
1	104800000	0	0
1	104900000	0	0
1	105000000	0	0
1	105100000	0	0
1	105200000	0	0
1	105300000	0	0
1	105400000	0	0
1	105500000	0	0
1	105600000	0	0
1	105700000	0	0
1	105800000	0	0
1	105900000	0	0
1	106000000	0	0
1	106100000	0	0
1	106200000	0	0
1	106300000	0	0
1	106400000	0	0
1	106500000	0	0
1	106600000	0	0
1	106700000	0	0
1	106800000	0	0
1	106900000	0	0
1	107000000	0	0
1	107100000	0	0
1	107200000	0	0
1	107300000	0	0
1	107400000	0	0
1	107500000	0	0
1	107600000	0	0
1	107700000	0	0
1	107800000	0	0
1	107900000	0	0
1	108000000	0	0
1	108100000	0	0
1	108200000	0	0
1	108300000	0	0
1	108400000	0	0
1	108500000	0	0
1	108600000	0	0
1	108700000	0	0
1	108800000	0	0
1	108900000	0	0
1	109000000	0	0
1	109100000	0	0
1	109200000	0	0
1	109300000	0	0
1	109400000	0	0
1	109500000	0	0
1	109600000	0	0
1	109700000	0	0
1	109800000	0	0
1	109900000	0	0
1	110000000	0	0
1	110100000	0	0
1	110200000	0	0
1	110300000	0	0
1	110400000	0	0
1	110500000	0	0
1	110600000	0	0
1	110700000	0	0
1	110800000	0	0
1	110900000	0	0
1	111000000	0	0
1	111100000	0	0
1	111200000	0	0
1	111300000	0	0
1	111400000	0	0
1	111500000	0	0
1	111600000	0	0
1	111700000	0	0
1	111800000	0	0
1	111900000	0	0
1	112000000	0	0
1	112100000	0	0
1	112200000	0	0
1	112300000	0	0
1	112400000	0	0
1	112500000	0	0
1	112600000	0	0
1	112700000	0	0
1	112800000	0	0
1	112900000	0	0
1	113000000	0	0
1	113100000	0	0
1	113200000	0	0
1	113300000	0	0
1	113400000	0	0
1	113500000	0	0
1	113600000	0	0
1	113700000	0	0
1	113800000	0	0
1	113900000	0	0
1	114000000	0	0
1	114100000	0	0
1	114200000	0	0
1	114300000	0	0
1	114400000	0	0
1	114500000	0	0
1	114600000	0	0
1	114700000	0	0
1	114800000	0	0
1	114900000	0	0
1	115000000	0	0
1	115100000	0	0
1	115200000	0	0
1	115300000	0	0
1	115400000	0	0
1	115500000	0	0
1	115600000	0	0
1	115700000	0	0
1	115800000	0	0
1	115900000	0	0
1	116000000	0	0
1	116100000	0	0
1	116200000	0	0
1	116300000	0	0
1	116400000	0	0
1	116500000	0	0
1	116600000	0	0
1	116700000	0	0
1	116800000	0	0
1	116900000	0	0
1	117000000	0	0
1	117100000	0	0
1	117200000	0	0
1	117300000	0	0
1	117400000	0	0
1	117500000	0	0
1	117600000	0	0
1	117700000	0	0
1	117800000	0	0
1	117900000	0	0
1	118000000	0	0
1	118100000	0	0
1	118200000	0	0
1	118300000	0	0
1	118400000	0	0
1	118500000	0	0
1	118600000	0	0
1	118700000	0	0
1	118800000	0	0
1	118900000	0	0
1	119000000	0	0
1	119100000	0	0
1	119200000	0	0
1	119300000	0	0
1	119400000	0	0
1	119500000	0	0
1	119600000	0	0
1	119700000	0	0
1	119800000	0	0
1	119900000	0	0
1	120000000	0	0
1	120100000	0	0
1	120200000	0	0
1	120300000	0	0
1	120400000	0	0
1	120500000	0	0
1	120600000	0	0
1	120700000	0	0
1	120800000	0	0
1	120900000	0	0
1	121000000	0	0
1	121100000	0	0
1	121200000	0	0
1	121300000	0	0
1	121400000	0	0
1	121500000	0	0
1	121600000	0	0
1	121700000	0	0
1	121800000	0	0
1	121900000	0	0
1	122000000	0	0
1	122100000	0	0
1	122200000	0	0
1	122300000	0	0
1	122400000	0	0
1	122500000	0	0
1	122600000	0	0
1	122700000	0	0
1	122800000	0	0
1	122900000	0	0
1	123000000	0	0
1	123100000	0	0
1	123200000	0	0
1	123300000	0	0
1	123400000	0	0
1	123500000	0	0
1	123600000	0	0
1	123700000	0	0
1	123800000	0	0
1	123900000	0	0
1	124000000	0	0
1	124100000	0	0
1	124200000	0	0
1	124300000	0	0
1	124400000	0	0
1	124500000	0	0
1	124600000	0	0
1	124700000	0	0
1	124800000	0	0
1	124900000	0	0
1	125000000	0	0
