CHR	POS	COUNT	FREQUENCY
3	1	10	0.142857
3	100001	10	0.142857
3	200001	10	0.142857
3	300001	10	0.142857
3	400001	10	0.142857
3	500001	10	0.142857
3	600001	10	0.142857
3	700001	10	0.142857
3	800001	10	0.142857
3	900001	11	0.157143
3	1000001	11	0.157143
3	1100001	11	0.157143
3	1200001	11	0.157143
3	1300001	12	0.171429
3	1400001	12	0.171429
3	1500001	12	0.171429
3	1600001	12	0.171429
3	1700001	12	0.171429
3	1800001	12	0.171429
3	1900001	12	0.171429
3	2000001	14	0.2
3	2100001	14	0.2
3	2200001	14	0.2
3	2300001	14	0.2
3	2400001	14	0.2
3	2500001	14	0.2
3	2600001	14	0.2
3	2700001	14	0.2
3	2800001	14	0.2
3	2900001	14	0.2
3	3000001	14	0.2
3	3100001	14	0.2
3	3200001	14	0.2
3	3300001	14	0.2
3	3400001	14	0.2
3	3500001	14	0.2
3	3600001	15	0.214286
3	3700001	15	0.214286
3	3800001	15	0.214286
3	3900001	15	0.214286
3	4000001	18	0.257143
3	4100001	18	0.257143
3	4200001	18	0.257143
3	4300001	16	0.228571
3	4400001	16	0.228571
3	4500001	16	0.228571
3	4600001	17	0.242857
3	4700001	17	0.242857
3	4800001	16	0.228571
3	4900001	16	0.228571
3	5000001	16	0.228571
3	5100001	16	0.228571
3	5200001	16	0.228571
3	5300001	17	0.242857
3	5400001	17	0.242857
3	5500001	17	0.242857
3	5600001	17	0.242857
3	5700001	17	0.242857
3	5800001	16	0.228571
3	5900001	16	0.228571
3	6000001	16	0.228571
3	6100001	16	0.228571
3	6200001	18	0.257143
3	6300001	18	0.257143
3	6400001	18	0.257143
3	6500001	18	0.257143
3	6600001	18	0.257143
3	6700001	18	0.257143
3	6800001	18	0.257143
3	6900001	19	0.271429
3	7000001	19	0.271429
3	7100001	19	0.271429
3	7200001	19	0.271429
3	7300001	19	0.271429
3	7400001	19	0.271429
3	7500001	19	0.271429
3	7600001	19	0.271429
3	7700001	13	0.185714
3	7800001	14	0.2
3	7900001	14	0.2
3	8000001	14	0.2
3	8100001	14	0.2
3	8200001	14	0.2
3	8300001	14	0.2
3	8400001	14	0.2
3	8500001	14	0.2
3	8600001	14	0.2
3	8700001	14	0.2
3	8800001	14	0.2
3	8900001	13	0.185714
3	9000001	13	0.185714
3	9100001	13	0.185714
3	9200001	13	0.185714
3	9300001	12	0.171429
3	9400001	12	0.171429
3	9500001	12	0.171429
3	9600001	12	0.171429
3	9700001	12	0.171429
3	9800001	10	0.142857
3	9900001	10	0.142857
3	10000001	10	0.142857
3	10100001	10	0.142857
3	10200001	10	0.142857
3	10300001	10	0.142857
3	10400001	10	0.142857
3	10500001	10	0.142857
3	10600001	10	0.142857
3	10700001	10	0.142857
3	10800001	10	0.142857
3	10900001	9	0.128571
3	11000001	10	0.142857
3	11100001	10	0.142857
3	11200001	10	0.142857
3	11300001	13	0.185714
3	11400001	13	0.185714
3	11500001	14	0.2
3	11600001	14	0.2
3	11700001	12	0.171429
3	11800001	10	0.142857
3	11900001	10	0.142857
3	12000001	10	0.142857
3	12100001	10	0.142857
3	12200001	15	0.214286
3	12300001	15	0.214286
3	12400001	15	0.214286
3	12500001	15	0.214286
3	12600001	15	0.214286
3	12700001	15	0.214286
3	12800001	22	0.314286
3	12900001	22	0.314286
3	13000001	23	0.328571
3	13100001	26	0.371429
3	13200001	26	0.371429
3	13300001	26	0.371429
3	13400001	26	0.371429
3	13500001	26	0.371429
3	13600001	26	0.371429
3	13700001	26	0.371429
3	13800001	26	0.371429
3	13900001	26	0.371429
3	14000001	27	0.385714
3	14100001	27	0.385714
3	14200001	27	0.385714
3	14300001	27	0.385714
3	14400001	30	0.428571
3	14500001	29	0.414286
3	14600001	28	0.4
3	14700001	28	0.4
3	14800001	28	0.4
3	14900001	28	0.4
3	15000001	28	0.4
3	15100001	28	0.4
3	15200001	27	0.385714
3	15300001	27	0.385714
3	15400001	27	0.385714
3	15500001	27	0.385714
3	15600001	27	0.385714
3	15700001	28	0.4
3	15800001	28	0.4
3	15900001	28	0.4
3	16000001	25	0.357143
3	16100001	25	0.357143
3	16200001	25	0.357143
3	16300001	25	0.357143
3	16400001	25	0.357143
3	16500001	25	0.357143
3	16600001	27	0.385714
3	16700001	29	0.414286
3	16800001	29	0.414286
3	16900001	29	0.414286
3	17000001	29	0.414286
3	17100001	29	0.414286
3	17200001	29	0.414286
3	17300001	29	0.414286
3	17400001	29	0.414286
3	17500001	28	0.4
3	17600001	20	0.285714
3	17700001	20	0.285714
3	17800001	20	0.285714
3	17900001	19	0.271429
3	18000001	19	0.271429
3	18100001	19	0.271429
3	18200001	19	0.271429
3	18300001	17	0.242857
3	18400001	17	0.242857
3	18500001	17	0.242857
3	18600001	17	0.242857
3	18700001	17	0.242857
3	18800001	17	0.242857
3	18900001	17	0.242857
3	19000001	17	0.242857
3	19100001	17	0.242857
3	19200001	17	0.242857
3	19300001	17	0.242857
3	19400001	17	0.242857
3	19500001	17	0.242857
3	19600001	17	0.242857
3	19700001	18	0.257143
3	19800001	17	0.242857
3	19900001	17	0.242857
3	20000001	17	0.242857
3	20100001	17	0.242857
3	20200001	17	0.242857
3	20300001	17	0.242857
3	20400001	17	0.242857
3	20500001	17	0.242857
3	20600001	14	0.2
3	20700001	14	0.2
3	20800001	14	0.2
3	20900001	14	0.2
3	21000001	14	0.2
3	21100001	15	0.214286
3	21200001	15	0.214286
3	21300001	15	0.214286
3	21400001	15	0.214286
3	21500001	15	0.214286
3	21600001	14	0.2
3	21700001	14	0.2
3	21800001	14	0.2
3	21900001	14	0.2
3	22000001	13	0.185714
3	22100001	14	0.2
3	22200001	14	0.2
3	22300001	14	0.2
3	22400001	14	0.2
3	22500001	14	0.2
3	22600001	15	0.214286
3	22700001	15	0.214286
3	22800001	15	0.214286
3	22900001	15	0.214286
3	23000001	13	0.185714
3	23100001	13	0.185714
3	23200001	13	0.185714
3	23300001	14	0.2
3	23400001	13	0.185714
3	23500001	13	0.185714
3	23600001	13	0.185714
3	23700001	13	0.185714
3	23800001	13	0.185714
3	23900001	13	0.185714
3	24000001	13	0.185714
3	24100001	12	0.171429
3	24200001	12	0.171429
3	24300001	12	0.171429
3	24400001	12	0.171429
3	24500001	12	0.171429
3	24600001	12	0.171429
3	24700001	12	0.171429
3	24800001	11	0.157143
3	24900001	11	0.157143
3	25000001	11	0.157143
3	25100001	11	0.157143
3	25200001	12	0.171429
3	25300001	12	0.171429
3	25400001	12	0.171429
3	25500001	12	0.171429
3	25600001	11	0.157143
3	25700001	11	0.157143
3	25800001	11	0.157143
3	25900001	11	0.157143
3	26000001	12	0.171429
3	26100001	12	0.171429
3	26200001	12	0.171429
3	26300001	12	0.171429
3	26400001	13	0.185714
3	26500001	13	0.185714
3	26600001	13	0.185714
3	26700001	13	0.185714
3	26800001	14	0.2
3	26900001	14	0.2
3	27000001	14	0.2
3	27100001	14	0.2
3	27200001	14	0.2
3	27300001	15	0.214286
3	27400001	15	0.214286
3	27500001	15	0.214286
3	27600001	15	0.214286
3	27700001	14	0.2
3	27800001	14	0.2
3	27900001	14	0.2
3	28000001	15	0.214286
3	28100001	15	0.214286
3	28200001	23	0.328571
3	28300001	23	0.328571
3	28400001	23	0.328571
3	28500001	25	0.357143
3	28600001	25	0.357143
3	28700001	21	0.3
3	28800001	21	0.3
3	28900001	20	0.285714
3	29000001	20	0.285714
3	29100001	20	0.285714
3	29200001	20	0.285714
3	29300001	18	0.257143
3	29400001	18	0.257143
3	29500001	19	0.271429
3	29600001	19	0.271429
3	29700001	19	0.271429
3	29800001	19	0.271429
3	29900001	19	0.271429
3	30000001	19	0.271429
3	30100001	18	0.257143
3	30200001	18	0.257143
3	30300001	18	0.257143
3	30400001	18	0.257143
3	30500001	17	0.242857
3	30600001	17	0.242857
3	30700001	17	0.242857
3	30800001	16	0.228571
3	30900001	16	0.228571
3	31000001	16	0.228571
3	31100001	15	0.214286
3	31200001	15	0.214286
3	31300001	15	0.214286
3	31400001	18	0.257143
3	31500001	20	0.285714
3	31600001	20	0.285714
3	31700001	20	0.285714
3	31800001	20	0.285714
3	31900001	21	0.3
3	32000001	22	0.314286
3	32100001	22	0.314286
3	32200001	22	0.314286
3	32300001	22	0.314286
3	32400001	22	0.314286
3	32500001	22	0.314286
3	32600001	24	0.342857
3	32700001	23	0.328571
3	32800001	23	0.328571
3	32900001	23	0.328571
3	33000001	23	0.328571
3	33100001	23	0.328571
3	33200001	23	0.328571
3	33300001	23	0.328571
3	33400001	26	0.371429
3	33500001	26	0.371429
3	33600001	26	0.371429
3	33700001	26	0.371429
3	33800001	26	0.371429
3	33900001	25	0.357143
3	34000001	25	0.357143
3	34100001	25	0.357143
3	34200001	25	0.357143
3	34300001	23	0.328571
3	34400001	23	0.328571
3	34500001	24	0.342857
3	34600001	25	0.357143
3	34700001	25	0.357143
3	34800001	28	0.4
3	34900001	28	0.4
3	35000001	28	0.4
3	35100001	28	0.4
3	35200001	28	0.4
3	35300001	26	0.371429
3	35400001	26	0.371429
3	35500001	26	0.371429
3	35600001	26	0.371429
3	35700001	23	0.328571
3	35800001	23	0.328571
3	35900001	23	0.328571
3	36000001	23	0.328571
3	36100001	23	0.328571
3	36200001	24	0.342857
3	36300001	22	0.314286
3	36400001	22	0.314286
3	36500001	22	0.314286
3	36600001	22	0.314286
3	36700001	22	0.314286
3	36800001	22	0.314286
3	36900001	22	0.314286
3	37000001	21	0.3
3	37100001	25	0.357143
3	37200001	25	0.357143
3	37300001	25	0.357143
3	37400001	23	0.328571
3	37500001	23	0.328571
3	37600001	23	0.328571
3	37700001	23	0.328571
3	37800001	23	0.328571
3	37900001	23	0.328571
3	38000001	23	0.328571
3	38100001	23	0.328571
3	38200001	22	0.314286
3	38300001	22	0.314286
3	38400001	22	0.314286
3	38500001	21	0.3
3	38600001	22	0.314286
3	38700001	22	0.314286
3	38800001	22	0.314286
3	38900001	21	0.3
3	39000001	21	0.3
3	39100001	21	0.3
3	39200001	21	0.3
3	39300001	21	0.3
3	39400001	21	0.3
3	39500001	21	0.3
3	39600001	21	0.3
3	39700001	25	0.357143
3	39800001	25	0.357143
3	39900001	22	0.314286
3	40000001	22	0.314286
3	40100001	22	0.314286
3	40200001	23	0.328571
3	40300001	23	0.328571
3	40400001	23	0.328571
3	40500001	23	0.328571
3	40600001	23	0.328571
3	40700001	23	0.328571
3	40800001	23	0.328571
3	40900001	23	0.328571
3	41000001	23	0.328571
3	41100001	23	0.328571
3	41200001	23	0.328571
3	41300001	23	0.328571
3	41400001	23	0.328571
3	41500001	23	0.328571
3	41600001	25	0.357143
3	41700001	25	0.357143
3	41800001	26	0.371429
3	41900001	26	0.371429
3	42000001	26	0.371429
3	42100001	26	0.371429
3	42200001	26	0.371429
3	42300001	26	0.371429
3	42400001	26	0.371429
3	42500001	26	0.371429
3	42600001	26	0.371429
3	42700001	27	0.385714
3	42800001	27	0.385714
3	42900001	27	0.385714
3	43000001	27	0.385714
3	43100001	27	0.385714
3	43200001	27	0.385714
3	43300001	27	0.385714
3	43400001	27	0.385714
3	43500001	27	0.385714
3	43600001	27	0.385714
3	43700001	27	0.385714
3	43800001	27	0.385714
3	43900001	27	0.385714
3	44000001	27	0.385714
3	44100001	27	0.385714
3	44200001	27	0.385714
3	44300001	27	0.385714
3	44400001	25	0.357143
3	44500001	27	0.385714
3	44600001	27	0.385714
3	44700001	27	0.385714
3	44800001	27	0.385714
3	44900001	27	0.385714
3	45000001	27	0.385714
3	45100001	21	0.3
3	45200001	21	0.3
3	45300001	18	0.257143
3	45400001	17	0.242857
3	45500001	17	0.242857
3	45600001	18	0.257143
3	45700001	18	0.257143
3	45800001	18	0.257143
3	45900001	18	0.257143
3	46000001	17	0.242857
3	46100001	17	0.242857
3	46200001	14	0.2
3	46300001	14	0.2
3	46400001	13	0.185714
3	46500001	13	0.185714
3	46600001	12	0.171429
3	46700001	12	0.171429
3	46800001	13	0.185714
3	46900001	13	0.185714
3	47000001	13	0.185714
3	47100001	13	0.185714
3	47200001	13	0.185714
3	47300001	13	0.185714
3	47400001	13	0.185714
3	47500001	13	0.185714
3	47600001	13	0.185714
3	47700001	13	0.185714
3	47800001	13	0.185714
3	47900001	13	0.185714
3	48000001	13	0.185714
3	48100001	13	0.185714
3	48200001	12	0.171429
3	48300001	12	0.171429
3	48400001	12	0.171429
3	48500001	11	0.157143
3	48600001	11	0.157143
3	48700001	13	0.185714
3	48800001	12	0.171429
3	48900001	12	0.171429
3	49000001	12	0.171429
3	49100001	12	0.171429
3	49200001	12	0.171429
3	49300001	13	0.185714
3	49400001	13	0.185714
3	49500001	13	0.185714
3	49600001	13	0.185714
3	49700001	13	0.185714
3	49800001	13	0.185714
3	49900001	15	0.214286
3	50000001	15	0.214286
3	50100001	15	0.214286
3	50200001	16	0.228571
3	50300001	16	0.228571
3	50400001	16	0.228571
3	50500001	16	0.228571
3	50600001	16	0.228571
3	50700001	16	0.228571
3	50800001	19	0.271429
3	50900001	19	0.271429
3	51000001	19	0.271429
3	51100001	21	0.3
3	51200001	21	0.3
3	51300001	21	0.3
3	51400001	21	0.3
3	51500001	21	0.3
3	51600001	21	0.3
3	51700001	21	0.3
3	51800001	25	0.357143
3	51900001	25	0.357143
3	52000001	25	0.357143
3	52100001	26	0.371429
3	52200001	26	0.371429
3	52300001	26	0.371429
3	52400001	26	0.371429
3	52500001	26	0.371429
3	52600001	26	0.371429
3	52700001	26	0.371429
3	52800001	26	0.371429
3	52900001	26	0.371429
3	53000001	26	0.371429
3	53100001	26	0.371429
3	53200001	26	0.371429
3	53300001	23	0.328571
3	53400001	23	0.328571
3	53500001	25	0.357143
3	53600001	25	0.357143
3	53700001	25	0.357143
3	53800001	24	0.342857
3	53900001	24	0.342857
3	54000001	24	0.342857
3	54100001	26	0.371429
3	54200001	26	0.371429
3	54300001	26	0.371429
3	54400001	26	0.371429
3	54500001	25	0.357143
3	54600001	25	0.357143
3	54700001	25	0.357143
3	54800001	25	0.357143
3	54900001	25	0.357143
3	55000001	25	0.357143
3	55100001	25	0.357143
3	55200001	25	0.357143
3	55300001	25	0.357143
3	55400001	25	0.357143
3	55500001	25	0.357143
3	55600001	25	0.357143
3	55700001	25	0.357143
3	55800001	25	0.357143
3	55900001	15	0.214286
3	56000001	15	0.214286
3	56100001	15	0.214286
3	56200001	18	0.257143
3	56300001	19	0.271429
3	56400001	19	0.271429
3	56500001	19	0.271429
3	56600001	27	0.385714
3	56700001	27	0.385714
3	56800001	27	0.385714
3	56900001	25	0.357143
3	57000001	25	0.357143
3	57100001	25	0.357143
3	57200001	25	0.357143
3	57300001	33	0.471429
3	57400001	33	0.471429
3	57500001	33	0.471429
3	57600001	33	0.471429
3	57700001	33	0.471429
3	57800001	33	0.471429
3	57900001	33	0.471429
3	58000001	33	0.471429
3	58100001	30	0.428571
3	58200001	30	0.428571
3	58300001	30	0.428571
3	58400001	30	0.428571
3	58500001	30	0.428571
3	58600001	30	0.428571
3	58700001	30	0.428571
3	58800001	30	0.428571
3	58900001	30	0.428571
3	59000001	46	0.657143
3	59100001	46	0.657143
3	59200001	46	0.657143
3	59300001	46	0.657143
3	59400001	46	0.657143
3	59500001	45	0.642857
3	59600001	45	0.642857
3	59700001	45	0.642857
3	59800001	45	0.642857
3	59900001	45	0.642857
3	60000001	45	0.642857
3	60100001	44	0.628571
3	60200001	44	0.628571
3	60300001	44	0.628571
3	60400001	49	0.7
3	60500001	49	0.7
3	60600001	49	0.7
3	60700001	45	0.642857
3	60800001	43	0.614286
3	60900001	44	0.628571
3	61000001	44	0.628571
3	61100001	45	0.642857
3	61200001	45	0.642857
3	61300001	45	0.642857
3	61400001	45	0.642857
3	61500001	45	0.642857
3	61600001	45	0.642857
3	61700001	45	0.642857
3	61800001	45	0.642857
3	61900001	45	0.642857
3	62000001	45	0.642857
3	62100001	47	0.671429
3	62200001	42	0.6
3	62300001	42	0.6
3	62400001	41	0.585714
3	62500001	42	0.6
3	62600001	42	0.6
3	62700001	42	0.6
3	62800001	42	0.6
3	62900001	42	0.6
3	63000001	42	0.6
3	63100001	42	0.6
3	63200001	42	0.6
3	63300001	42	0.6
3	63400001	42	0.6
3	63500001	42	0.6
3	63600001	42	0.6
3	63700001	42	0.6
3	63800001	42	0.6
3	63900001	42	0.6
3	64000001	27	0.385714
3	64100001	27	0.385714
3	64200001	27	0.385714
3	64300001	27	0.385714
3	64400001	31	0.442857
3	64500001	27	0.385714
3	64600001	27	0.385714
3	64700001	27	0.385714
3	64800001	27	0.385714
3	64900001	23	0.328571
3	65000001	23	0.328571
3	65100001	23	0.328571
3	65200001	26	0.371429
3	65300001	26	0.371429
3	65400001	22	0.314286
3	65500001	22	0.314286
3	65600001	22	0.314286
3	65700001	22	0.314286
3	65800001	22	0.314286
3	65900001	24	0.342857
3	66000001	25	0.357143
3	66100001	25	0.357143
3	66200001	25	0.357143
3	66300001	25	0.357143
3	66400001	25	0.357143
3	66500001	25	0.357143
3	66600001	25	0.357143
3	66700001	25	0.357143
3	66800001	25	0.357143
3	66900001	25	0.357143
3	67000001	25	0.357143
3	67100001	25	0.357143
3	67200001	25	0.357143
3	67300001	24	0.342857
3	67400001	25	0.357143
3	67500001	25	0.357143
3	67600001	27	0.385714
3	67700001	27	0.385714
3	67800001	24	0.342857
3	67900001	24	0.342857
3	68000001	24	0.342857
3	68100001	24	0.342857
3	68200001	24	0.342857
3	68300001	24	0.342857
3	68400001	29	0.414286
3	68500001	30	0.428571
3	68600001	30	0.428571
3	68700001	30	0.428571
3	68800001	27	0.385714
3	68900001	26	0.371429
3	69000001	26	0.371429
3	69100001	26	0.371429
3	69200001	26	0.371429
3	69300001	26	0.371429
3	69400001	26	0.371429
3	69500001	26	0.371429
3	69600001	26	0.371429
3	69700001	26	0.371429
3	69800001	26	0.371429
3	69900001	26	0.371429
3	70000001	24	0.342857
3	70100001	24	0.342857
3	70200001	24	0.342857
3	70300001	24	0.342857
3	70400001	24	0.342857
3	70500001	19	0.271429
3	70600001	19	0.271429
3	70700001	19	0.271429
3	70800001	19	0.271429
3	70900001	19	0.271429
3	71000001	19	0.271429
3	71100001	20	0.285714
3	71200001	19	0.271429
3	71300001	19	0.271429
3	71400001	18	0.257143
3	71500001	21	0.3
3	71600001	25	0.357143
3	71700001	27	0.385714
3	71800001	27	0.385714
3	71900001	27	0.385714
3	72000001	27	0.385714
3	72100001	28	0.4
3	72200001	28	0.4
3	72300001	21	0.3
3	72400001	21	0.3
3	72500001	21	0.3
3	72600001	21	0.3
3	72700001	25	0.357143
3	72800001	25	0.357143
3	72900001	25	0.357143
3	73000001	25	0.357143
3	73100001	25	0.357143
3	73200001	25	0.357143
3	73300001	25	0.357143
3	73400001	25	0.357143
3	73500001	25	0.357143
3	73600001	25	0.357143
3	73700001	22	0.314286
3	73800001	22	0.314286
3	73900001	22	0.314286
3	74000001	22	0.314286
3	74100001	22	0.314286
3	74200001	22	0.314286
3	74300001	19	0.271429
3	74400001	18	0.257143
3	74500001	18	0.257143
3	74600001	18	0.257143
3	74700001	18	0.257143
3	74800001	17	0.242857
3	74900001	19	0.271429
3	75000001	19	0.271429
3	75100001	19	0.271429
3	75200001	19	0.271429
3	75300001	19	0.271429
3	75400001	19	0.271429
3	75500001	19	0.271429
3	75600001	19	0.271429
3	75700001	16	0.228571
3	75800001	16	0.228571
3	75900001	16	0.228571
3	76000001	14	0.2
3	76100001	14	0.2
3	76200001	14	0.2
3	76300001	13	0.185714
3	76400001	13	0.185714
3	76500001	13	0.185714
3	76600001	13	0.185714
3	76700001	14	0.2
3	76800001	14	0.2
3	76900001	14	0.2
3	77000001	12	0.171429
3	77100001	12	0.171429
3	77200001	12	0.171429
3	77300001	14	0.2
3	77400001	14	0.2
3	77500001	15	0.214286
3	77600001	15	0.214286
3	77700001	15	0.214286
3	77800001	15	0.214286
3	77900001	15	0.214286
3	78000001	15	0.214286
3	78100001	15	0.214286
3	78200001	15	0.214286
3	78300001	18	0.257143
3	78400001	18	0.257143
3	78500001	18	0.257143
3	78600001	18	0.257143
3	78700001	21	0.3
3	78800001	21	0.3
3	78900001	21	0.3
3	79000001	21	0.3
3	79100001	20	0.285714
3	79200001	20	0.285714
3	79300001	20	0.285714
3	79400001	20	0.285714
3	79500001	20	0.285714
3	79600001	20	0.285714
3	79700001	20	0.285714
3	79800001	20	0.285714
3	79900001	20	0.285714
3	80000001	18	0.257143
3	80100001	18	0.257143
3	80200001	18	0.257143
3	80300001	18	0.257143
3	80400001	18	0.257143
3	80500001	18	0.257143
3	80600001	18	0.257143
3	80700001	16	0.228571
3	80800001	17	0.242857
3	80900001	28	0.4
3	81000001	28	0.4
3	81100001	28	0.4
3	81200001	28	0.4
3	81300001	28	0.4
3	81400001	28	0.4
3	81500001	28	0.4
3	81600001	28	0.4
3	81700001	28	0.4
3	81800001	28	0.4
3	81900001	26	0.371429
3	82000001	26	0.371429
3	82100001	27	0.385714
3	82200001	27	0.385714
3	82300001	27	0.385714
3	82400001	34	0.485714
3	82500001	35	0.5
3	82600001	35	0.5
3	82700001	35	0.5
3	82800001	35	0.5
3	82900001	35	0.5
3	83000001	35	0.5
3	83100001	35	0.5
3	83200001	35	0.5
3	83300001	35	0.5
3	83400001	35	0.5
3	83500001	35	0.5
3	83600001	35	0.5
3	83700001	35	0.5
3	83800001	35	0.5
3	83900001	35	0.5
3	84000001	35	0.5
3	84100001	34	0.485714
3	84200001	23	0.328571
3	84300001	23	0.328571
3	84400001	23	0.328571
3	84500001	23	0.328571
3	84600001	21	0.3
3	84700001	21	0.3
3	84800001	21	0.3
3	84900001	22	0.314286
3	85000001	24	0.342857
3	85100001	24	0.342857
3	85200001	24	0.342857
3	85300001	24	0.342857
3	85400001	25	0.357143
3	85500001	25	0.357143
3	85600001	25	0.357143
3	85700001	25	0.357143
3	85800001	22	0.314286
3	85900001	22	0.314286
3	86000001	22	0.314286
3	86100001	22	0.314286
3	86200001	22	0.314286
3	86300001	24	0.342857
3	86400001	25	0.357143
3	86500001	23	0.328571
3	86600001	24	0.342857
3	86700001	22	0.314286
3	86800001	23	0.328571
3	86900001	23	0.328571
3	87000001	23	0.328571
3	87100001	23	0.328571
3	87200001	23	0.328571
3	87300001	21	0.3
3	87400001	17	0.242857
3	87500001	17	0.242857
3	87600001	17	0.242857
3	87700001	17	0.242857
3	87800001	17	0.242857
3	87900001	17	0.242857
3	88000001	17	0.242857
3	88100001	14	0.2
3	88200001	14	0.2
3	88300001	14	0.2
3	88400001	13	0.185714
3	88500001	13	0.185714
3	88600001	13	0.185714
3	88700001	13	0.185714
3	88800001	13	0.185714
3	88900001	13	0.185714
3	89000001	13	0.185714
3	89100001	13	0.185714
3	89200001	13	0.185714
3	89300001	13	0.185714
3	89400001	13	0.185714
3	89500001	13	0.185714
3	89600001	16	0.228571
3	89700001	15	0.214286
3	89800001	15	0.214286
3	89900001	15	0.214286
3	90000001	13	0.185714
3	90100001	12	0.171429
3	90200001	12	0.171429
3	90300001	11	0.157143
3	90400001	11	0.157143
3	90500001	11	0.157143
3	90600001	10	0.142857
3	90700001	10	0.142857
3	90800001	10	0.142857
3	90900001	10	0.142857
3	91000001	10	0.142857
3	91100001	10	0.142857
3	91200001	10	0.142857
3	91300001	10	0.142857
3	91400001	10	0.142857
3	91500001	10	0.142857
3	91600001	10	0.142857
3	91700001	10	0.142857
3	91800001	10	0.142857
3	91900001	10	0.142857
3	92000001	10	0.142857
3	92100001	8	0.114286
3	92200001	8	0.114286
3	92300001	8	0.114286
3	92400001	0	0
3	100000	10	0.142857
3	200000	10	0.142857
3	300000	10	0.142857
3	400000	10	0.142857
3	500000	10	0.142857
3	600000	10	0.142857
3	700000	10	0.142857
3	800000	10	0.142857
3	900000	10	0.142857
3	1000000	11	0.157143
3	1100000	11	0.157143
3	1200000	11	0.157143
3	1300000	11	0.157143
3	1400000	12	0.171429
3	1500000	12	0.171429
3	1600000	12	0.171429
3	1700000	12	0.171429
3	1800000	12	0.171429
3	1900000	12	0.171429
3	2000000	12	0.171429
3	2100000	14	0.2
3	2200000	14	0.2
3	2300000	14	0.2
3	2400000	14	0.2
3	2500000	14	0.2
3	2600000	14	0.2
3	2700000	14	0.2
3	2800000	14	0.2
3	2900000	14	0.2
3	3000000	14	0.2
3	3100000	14	0.2
3	3200000	14	0.2
3	3300000	14	0.2
3	3400000	14	0.2
3	3500000	14	0.2
3	3600000	14	0.2
3	3700000	15	0.214286
3	3800000	15	0.214286
3	3900000	15	0.214286
3	4000000	15	0.214286
3	4100000	18	0.257143
3	4200000	18	0.257143
3	4300000	18	0.257143
3	4400000	16	0.228571
3	4500000	16	0.228571
3	4600000	16	0.228571
3	4700000	17	0.242857
3	4800000	17	0.242857
3	4900000	16	0.228571
3	5000000	16	0.228571
3	5100000	16	0.228571
3	5200000	16	0.228571
3	5300000	16	0.228571
3	5400000	17	0.242857
3	5500000	17	0.242857
3	5600000	17	0.242857
3	5700000	17	0.242857
3	5800000	17	0.242857
3	5900000	16	0.228571
3	6000000	16	0.228571
3	6100000	16	0.228571
3	6200000	16	0.228571
3	6300000	18	0.257143
3	6400000	18	0.257143
3	6500000	18	0.257143
3	6600000	18	0.257143
3	6700000	18	0.257143
3	6800000	18	0.257143
3	6900000	18	0.257143
3	7000000	19	0.271429
3	7100000	19	0.271429
3	7200000	19	0.271429
3	7300000	19	0.271429
3	7400000	19	0.271429
3	7500000	19	0.271429
3	7600000	19	0.271429
3	7700000	19	0.271429
3	7800000	13	0.185714
3	7900000	14	0.2
3	8000000	14	0.2
3	8100000	14	0.2
3	8200000	14	0.2
3	8300000	14	0.2
3	8400000	14	0.2
3	8500000	14	0.2
3	8600000	14	0.2
3	8700000	14	0.2
3	8800000	14	0.2
3	8900000	14	0.2
3	9000000	13	0.185714
3	9100000	13	0.185714
3	9200000	13	0.185714
3	9300000	13	0.185714
3	9400000	12	0.171429
3	9500000	12	0.171429
3	9600000	12	0.171429
3	9700000	12	0.171429
3	9800000	12	0.171429
3	9900000	10	0.142857
3	10000000	10	0.142857
3	10100000	10	0.142857
3	10200000	10	0.142857
3	10300000	10	0.142857
3	10400000	10	0.142857
3	10500000	10	0.142857
3	10600000	10	0.142857
3	10700000	10	0.142857
3	10800000	10	0.142857
3	10900000	10	0.142857
3	11000000	9	0.128571
3	11100000	10	0.142857
3	11200000	10	0.142857
3	11300000	10	0.142857
3	11400000	13	0.185714
3	11500000	13	0.185714
3	11600000	14	0.2
3	11700000	14	0.2
3	11800000	12	0.171429
3	11900000	10	0.142857
3	12000000	10	0.142857
3	12100000	10	0.142857
3	12200000	10	0.142857
3	12300000	15	0.214286
3	12400000	15	0.214286
3	12500000	15	0.214286
3	12600000	15	0.214286
3	12700000	15	0.214286
3	12800000	15	0.214286
3	12900000	22	0.314286
3	13000000	22	0.314286
3	13100000	23	0.328571
3	13200000	26	0.371429
3	13300000	26	0.371429
3	13400000	26	0.371429
3	13500000	26	0.371429
3	13600000	26	0.371429
3	13700000	26	0.371429
3	13800000	26	0.371429
3	13900000	26	0.371429
3	14000000	26	0.371429
3	14100000	27	0.385714
3	14200000	27	0.385714
3	14300000	27	0.385714
3	14400000	27	0.385714
3	14500000	30	0.428571
3	14600000	29	0.414286
3	14700000	28	0.4
3	14800000	28	0.4
3	14900000	28	0.4
3	15000000	28	0.4
3	15100000	28	0.4
3	15200000	28	0.4
3	15300000	27	0.385714
3	15400000	27	0.385714
3	15500000	27	0.385714
3	15600000	27	0.385714
3	15700000	27	0.385714
3	15800000	28	0.4
3	15900000	28	0.4
3	16000000	28	0.4
3	16100000	25	0.357143
3	16200000	25	0.357143
3	16300000	25	0.357143
3	16400000	25	0.357143
3	16500000	25	0.357143
3	16600000	25	0.357143
3	16700000	27	0.385714
3	16800000	29	0.414286
3	16900000	29	0.414286
3	17000000	29	0.414286
3	17100000	29	0.414286
3	17200000	29	0.414286
3	17300000	29	0.414286
3	17400000	29	0.414286
3	17500000	29	0.414286
3	17600000	28	0.4
3	17700000	20	0.285714
3	17800000	20	0.285714
3	17900000	20	0.285714
3	18000000	19	0.271429
3	18100000	19	0.271429
3	18200000	19	0.271429
3	18300000	19	0.271429
3	18400000	17	0.242857
3	18500000	17	0.242857
3	18600000	17	0.242857
3	18700000	17	0.242857
3	18800000	17	0.242857
3	18900000	17	0.242857
3	19000000	17	0.242857
3	19100000	17	0.242857
3	19200000	17	0.242857
3	19300000	17	0.242857
3	19400000	17	0.242857
3	19500000	17	0.242857
3	19600000	17	0.242857
3	19700000	17	0.242857
3	19800000	18	0.257143
3	19900000	17	0.242857
3	20000000	17	0.242857
3	20100000	17	0.242857
3	20200000	17	0.242857
3	20300000	17	0.242857
3	20400000	17	0.242857
3	20500000	17	0.242857
3	20600000	17	0.242857
3	20700000	14	0.2
3	20800000	14	0.2
3	20900000	14	0.2
3	21000000	14	0.2
3	21100000	14	0.2
3	21200000	15	0.214286
3	21300000	15	0.214286
3	21400000	15	0.214286
3	21500000	15	0.214286
3	21600000	15	0.214286
3	21700000	14	0.2
3	21800000	14	0.2
3	21900000	14	0.2
3	22000000	14	0.2
3	22100000	13	0.185714
3	22200000	14	0.2
3	22300000	14	0.2
3	22400000	14	0.2
3	22500000	14	0.2
3	22600000	14	0.2
3	22700000	15	0.214286
3	22800000	15	0.214286
3	22900000	15	0.214286
3	23000000	15	0.214286
3	23100000	13	0.185714
3	23200000	13	0.185714
3	23300000	13	0.185714
3	23400000	14	0.2
3	23500000	13	0.185714
3	23600000	13	0.185714
3	23700000	13	0.185714
3	23800000	13	0.185714
3	23900000	13	0.185714
3	24000000	13	0.185714
3	24100000	13	0.185714
3	24200000	12	0.171429
3	24300000	12	0.171429
3	24400000	12	0.171429
3	24500000	12	0.171429
3	24600000	12	0.171429
3	24700000	12	0.171429
3	24800000	12	0.171429
3	24900000	11	0.157143
3	25000000	11	0.157143
3	25100000	11	0.157143
3	25200000	11	0.157143
3	25300000	12	0.171429
3	25400000	12	0.171429
3	25500000	12	0.171429
3	25600000	12	0.171429
3	25700000	11	0.157143
3	25800000	11	0.157143
3	25900000	11	0.157143
3	26000000	11	0.157143
3	26100000	12	0.171429
3	26200000	12	0.171429
3	26300000	12	0.171429
3	26400000	12	0.171429
3	26500000	13	0.185714
3	26600000	13	0.185714
3	26700000	13	0.185714
3	26800000	13	0.185714
3	26900000	14	0.2
3	27000000	14	0.2
3	27100000	14	0.2
3	27200000	14	0.2
3	27300000	14	0.2
3	27400000	15	0.214286
3	27500000	15	0.214286
3	27600000	15	0.214286
3	27700000	15	0.214286
3	27800000	14	0.2
3	27900000	14	0.2
3	28000000	14	0.2
3	28100000	15	0.214286
3	28200000	15	0.214286
3	28300000	23	0.328571
3	28400000	23	0.328571
3	28500000	23	0.328571
3	28600000	25	0.357143
3	28700000	25	0.357143
3	28800000	21	0.3
3	28900000	21	0.3
3	29000000	20	0.285714
3	29100000	20	0.285714
3	29200000	20	0.285714
3	29300000	20	0.285714
3	29400000	18	0.257143
3	29500000	18	0.257143
3	29600000	19	0.271429
3	29700000	19	0.271429
3	29800000	19	0.271429
3	29900000	19	0.271429
3	30000000	19	0.271429
3	30100000	19	0.271429
3	30200000	18	0.257143
3	30300000	18	0.257143
3	30400000	18	0.257143
3	30500000	18	0.257143
3	30600000	17	0.242857
3	30700000	17	0.242857
3	30800000	17	0.242857
3	30900000	16	0.228571
3	31000000	16	0.228571
3	31100000	16	0.228571
3	31200000	15	0.214286
3	31300000	15	0.214286
3	31400000	15	0.214286
3	31500000	18	0.257143
3	31600000	20	0.285714
3	31700000	20	0.285714
3	31800000	20	0.285714
3	31900000	20	0.285714
3	32000000	21	0.3
3	32100000	22	0.314286
3	32200000	22	0.314286
3	32300000	22	0.314286
3	32400000	22	0.314286
3	32500000	22	0.314286
3	32600000	22	0.314286
3	32700000	24	0.342857
3	32800000	23	0.328571
3	32900000	23	0.328571
3	33000000	23	0.328571
3	33100000	23	0.328571
3	33200000	23	0.328571
3	33300000	23	0.328571
3	33400000	23	0.328571
3	33500000	26	0.371429
3	33600000	26	0.371429
3	33700000	26	0.371429
3	33800000	26	0.371429
3	33900000	26	0.371429
3	34000000	25	0.357143
3	34100000	25	0.357143
3	34200000	25	0.357143
3	34300000	25	0.357143
3	34400000	23	0.328571
3	34500000	23	0.328571
3	34600000	24	0.342857
3	34700000	25	0.357143
3	34800000	25	0.357143
3	34900000	28	0.4
3	35000000	28	0.4
3	35100000	28	0.4
3	35200000	28	0.4
3	35300000	28	0.4
3	35400000	26	0.371429
3	35500000	26	0.371429
3	35600000	26	0.371429
3	35700000	26	0.371429
3	35800000	23	0.328571
3	35900000	23	0.328571
3	36000000	23	0.328571
3	36100000	23	0.328571
3	36200000	23	0.328571
3	36300000	24	0.342857
3	36400000	22	0.314286
3	36500000	22	0.314286
3	36600000	22	0.314286
3	36700000	22	0.314286
3	36800000	22	0.314286
3	36900000	22	0.314286
3	37000000	22	0.314286
3	37100000	21	0.3
3	37200000	25	0.357143
3	37300000	25	0.357143
3	37400000	25	0.357143
3	37500000	23	0.328571
3	37600000	23	0.328571
3	37700000	23	0.328571
3	37800000	23	0.328571
3	37900000	23	0.328571
3	38000000	23	0.328571
3	38100000	23	0.328571
3	38200000	23	0.328571
3	38300000	22	0.314286
3	38400000	22	0.314286
3	38500000	22	0.314286
3	38600000	21	0.3
3	38700000	22	0.314286
3	38800000	22	0.314286
3	38900000	22	0.314286
3	39000000	21	0.3
3	39100000	21	0.3
3	39200000	21	0.3
3	39300000	21	0.3
3	39400000	21	0.3
3	39500000	21	0.3
3	39600000	21	0.3
3	39700000	21	0.3
3	39800000	25	0.357143
3	39900000	25	0.357143
3	40000000	22	0.314286
3	40100000	22	0.314286
3	40200000	22	0.314286
3	40300000	23	0.328571
3	40400000	23	0.328571
3	40500000	23	0.328571
3	40600000	23	0.328571
3	40700000	23	0.328571
3	40800000	23	0.328571
3	40900000	23	0.328571
3	41000000	23	0.328571
3	41100000	23	0.328571
3	41200000	23	0.328571
3	41300000	23	0.328571
3	41400000	23	0.328571
3	41500000	23	0.328571
3	41600000	23	0.328571
3	41700000	25	0.357143
3	41800000	25	0.357143
3	41900000	26	0.371429
3	42000000	26	0.371429
3	42100000	26	0.371429
3	42200000	26	0.371429
3	42300000	26	0.371429
3	42400000	26	0.371429
3	42500000	26	0.371429
3	42600000	26	0.371429
3	42700000	26	0.371429
3	42800000	27	0.385714
3	42900000	27	0.385714
3	43000000	27	0.385714
3	43100000	27	0.385714
3	43200000	27	0.385714
3	43300000	27	0.385714
3	43400000	27	0.385714
3	43500000	27	0.385714
3	43600000	27	0.385714
3	43700000	27	0.385714
3	43800000	27	0.385714
3	43900000	27	0.385714
3	44000000	27	0.385714
3	44100000	27	0.385714
3	44200000	27	0.385714
3	44300000	27	0.385714
3	44400000	27	0.385714
3	44500000	25	0.357143
3	44600000	27	0.385714
3	44700000	27	0.385714
3	44800000	27	0.385714
3	44900000	27	0.385714
3	45000000	27	0.385714
3	45100000	27	0.385714
3	45200000	21	0.3
3	45300000	21	0.3
3	45400000	18	0.257143
3	45500000	17	0.242857
3	45600000	17	0.242857
3	45700000	18	0.257143
3	45800000	18	0.257143
3	45900000	18	0.257143
3	46000000	18	0.257143
3	46100000	17	0.242857
3	46200000	17	0.242857
3	46300000	14	0.2
3	46400000	14	0.2
3	46500000	13	0.185714
3	46600000	13	0.185714
3	46700000	12	0.171429
3	46800000	12	0.171429
3	46900000	13	0.185714
3	47000000	13	0.185714
3	47100000	13	0.185714
3	47200000	13	0.185714
3	47300000	13	0.185714
3	47400000	13	0.185714
3	47500000	13	0.185714
3	47600000	13	0.185714
3	47700000	13	0.185714
3	47800000	13	0.185714
3	47900000	13	0.185714
3	48000000	13	0.185714
3	48100000	13	0.185714
3	48200000	13	0.185714
3	48300000	12	0.171429
3	48400000	12	0.171429
3	48500000	12	0.171429
3	48600000	11	0.157143
3	48700000	11	0.157143
3	48800000	13	0.185714
3	48900000	12	0.171429
3	49000000	12	0.171429
3	49100000	12	0.171429
3	49200000	12	0.171429
3	49300000	12	0.171429
3	49400000	13	0.185714
3	49500000	13	0.185714
3	49600000	13	0.185714
3	49700000	13	0.185714
3	49800000	13	0.185714
3	49900000	13	0.185714
3	50000000	15	0.214286
3	50100000	15	0.214286
3	50200000	15	0.214286
3	50300000	16	0.228571
3	50400000	16	0.228571
3	50500000	16	0.228571
3	50600000	16	0.228571
3	50700000	16	0.228571
3	50800000	16	0.228571
3	50900000	19	0.271429
3	51000000	19	0.271429
3	51100000	19	0.271429
3	51200000	21	0.3
3	51300000	21	0.3
3	51400000	21	0.3
3	51500000	21	0.3
3	51600000	21	0.3
3	51700000	21	0.3
3	51800000	21	0.3
3	51900000	25	0.357143
3	52000000	25	0.357143
3	52100000	25	0.357143
3	52200000	26	0.371429
3	52300000	26	0.371429
3	52400000	26	0.371429
3	52500000	26	0.371429
3	52600000	26	0.371429
3	52700000	26	0.371429
3	52800000	26	0.371429
3	52900000	26	0.371429
3	53000000	26	0.371429
3	53100000	26	0.371429
3	53200000	26	0.371429
3	53300000	26	0.371429
3	53400000	23	0.328571
3	53500000	23	0.328571
3	53600000	25	0.357143
3	53700000	25	0.357143
3	53800000	25	0.357143
3	53900000	24	0.342857
3	54000000	24	0.342857
3	54100000	24	0.342857
3	54200000	26	0.371429
3	54300000	26	0.371429
3	54400000	26	0.371429
3	54500000	26	0.371429
3	54600000	25	0.357143
3	54700000	25	0.357143
3	54800000	25	0.357143
3	54900000	25	0.357143
3	55000000	25	0.357143
3	55100000	25	0.357143
3	55200000	25	0.357143
3	55300000	25	0.357143
3	55400000	25	0.357143
3	55500000	25	0.357143
3	55600000	25	0.357143
3	55700000	25	0.357143
3	55800000	25	0.357143
3	55900000	25	0.357143
3	56000000	15	0.214286
3	56100000	15	0.214286
3	56200000	15	0.214286
3	56300000	18	0.257143
3	56400000	19	0.271429
3	56500000	19	0.271429
3	56600000	19	0.271429
3	56700000	27	0.385714
3	56800000	27	0.385714
3	56900000	27	0.385714
3	57000000	25	0.357143
3	57100000	25	0.357143
3	57200000	25	0.357143
3	57300000	25	0.357143
3	57400000	33	0.471429
3	57500000	33	0.471429
3	57600000	33	0.471429
3	57700000	33	0.471429
3	57800000	33	0.471429
3	57900000	33	0.471429
3	58000000	33	0.471429
3	58100000	33	0.471429
3	58200000	30	0.428571
3	58300000	30	0.428571
3	58400000	30	0.428571
3	58500000	30	0.428571
3	58600000	30	0.428571
3	58700000	30	0.428571
3	58800000	30	0.428571
3	58900000	30	0.428571
3	59000000	30	0.428571
3	59100000	46	0.657143
3	59200000	46	0.657143
3	59300000	46	0.657143
3	59400000	46	0.657143
3	59500000	46	0.657143
3	59600000	45	0.642857
3	59700000	45	0.642857
3	59800000	45	0.642857
3	59900000	45	0.642857
3	60000000	45	0.642857
3	60100000	45	0.642857
3	60200000	44	0.628571
3	60300000	44	0.628571
3	60400000	44	0.628571
3	60500000	49	0.7
3	60600000	49	0.7
3	60700000	49	0.7
3	60800000	45	0.642857
3	60900000	43	0.614286
3	61000000	44	0.628571
3	61100000	44	0.628571
3	61200000	45	0.642857
3	61300000	45	0.642857
3	61400000	45	0.642857
3	61500000	45	0.642857
3	61600000	45	0.642857
3	61700000	45	0.642857
3	61800000	45	0.642857
3	61900000	45	0.642857
3	62000000	45	0.642857
3	62100000	45	0.642857
3	62200000	47	0.671429
3	62300000	42	0.6
3	62400000	42	0.6
3	62500000	41	0.585714
3	62600000	42	0.6
3	62700000	42	0.6
3	62800000	42	0.6
3	62900000	42	0.6
3	63000000	42	0.6
3	63100000	42	0.6
3	63200000	42	0.6
3	63300000	42	0.6
3	63400000	42	0.6
3	63500000	42	0.6
3	63600000	42	0.6
3	63700000	42	0.6
3	63800000	42	0.6
3	63900000	42	0.6
3	64000000	42	0.6
3	64100000	27	0.385714
3	64200000	27	0.385714
3	64300000	27	0.385714
3	64400000	27	0.385714
3	64500000	31	0.442857
3	64600000	27	0.385714
3	64700000	27	0.385714
3	64800000	27	0.385714
3	64900000	27	0.385714
3	65000000	23	0.328571
3	65100000	23	0.328571
3	65200000	23	0.328571
3	65300000	26	0.371429
3	65400000	26	0.371429
3	65500000	22	0.314286
3	65600000	22	0.314286
3	65700000	22	0.314286
3	65800000	22	0.314286
3	65900000	22	0.314286
3	66000000	24	0.342857
3	66100000	25	0.357143
3	66200000	25	0.357143
3	66300000	25	0.357143
3	66400000	25	0.357143
3	66500000	25	0.357143
3	66600000	25	0.357143
3	66700000	25	0.357143
3	66800000	25	0.357143
3	66900000	25	0.357143
3	67000000	25	0.357143
3	67100000	25	0.357143
3	67200000	25	0.357143
3	67300000	25	0.357143
3	67400000	24	0.342857
3	67500000	25	0.357143
3	67600000	25	0.357143
3	67700000	27	0.385714
3	67800000	27	0.385714
3	67900000	24	0.342857
3	68000000	24	0.342857
3	68100000	24	0.342857
3	68200000	24	0.342857
3	68300000	24	0.342857
3	68400000	24	0.342857
3	68500000	29	0.414286
3	68600000	30	0.428571
3	68700000	30	0.428571
3	68800000	30	0.428571
3	68900000	27	0.385714
3	69000000	26	0.371429
3	69100000	26	0.371429
3	69200000	26	0.371429
3	69300000	26	0.371429
3	69400000	26	0.371429
3	69500000	26	0.371429
3	69600000	26	0.371429
3	69700000	26	0.371429
3	69800000	26	0.371429
3	69900000	26	0.371429
3	70000000	26	0.371429
3	70100000	24	0.342857
3	70200000	24	0.342857
3	70300000	24	0.342857
3	70400000	24	0.342857
3	70500000	24	0.342857
3	70600000	19	0.271429
3	70700000	19	0.271429
3	70800000	19	0.271429
3	70900000	19	0.271429
3	71000000	19	0.271429
3	71100000	19	0.271429
3	71200000	20	0.285714
3	71300000	19	0.271429
3	71400000	19	0.271429
3	71500000	18	0.257143
3	71600000	21	0.3
3	71700000	25	0.357143
3	71800000	27	0.385714
3	71900000	27	0.385714
3	72000000	27	0.385714
3	72100000	27	0.385714
3	72200000	28	0.4
3	72300000	28	0.4
3	72400000	21	0.3
3	72500000	21	0.3
3	72600000	21	0.3
3	72700000	21	0.3
3	72800000	25	0.357143
3	72900000	25	0.357143
3	73000000	25	0.357143
3	73100000	25	0.357143
3	73200000	25	0.357143
3	73300000	25	0.357143
3	73400000	25	0.357143
3	73500000	25	0.357143
3	73600000	25	0.357143
3	73700000	25	0.357143
3	73800000	22	0.314286
3	73900000	22	0.314286
3	74000000	22	0.314286
3	74100000	22	0.314286
3	74200000	22	0.314286
3	74300000	22	0.314286
3	74400000	19	0.271429
3	74500000	18	0.257143
3	74600000	18	0.257143
3	74700000	18	0.257143
3	74800000	18	0.257143
3	74900000	17	0.242857
3	75000000	19	0.271429
3	75100000	19	0.271429
3	75200000	19	0.271429
3	75300000	19	0.271429
3	75400000	19	0.271429
3	75500000	19	0.271429
3	75600000	19	0.271429
3	75700000	19	0.271429
3	75800000	16	0.228571
3	75900000	16	0.228571
3	76000000	16	0.228571
3	76100000	14	0.2
3	76200000	14	0.2
3	76300000	14	0.2
3	76400000	13	0.185714
3	76500000	13	0.185714
3	76600000	13	0.185714
3	76700000	13	0.185714
3	76800000	14	0.2
3	76900000	14	0.2
3	77000000	14	0.2
3	77100000	12	0.171429
3	77200000	12	0.171429
3	77300000	12	0.171429
3	77400000	14	0.2
3	77500000	14	0.2
3	77600000	15	0.214286
3	77700000	15	0.214286
3	77800000	15	0.214286
3	77900000	15	0.214286
3	78000000	15	0.214286
3	78100000	15	0.214286
3	78200000	15	0.214286
3	78300000	15	0.214286
3	78400000	18	0.257143
3	78500000	18	0.257143
3	78600000	18	0.257143
3	78700000	18	0.257143
3	78800000	21	0.3
3	78900000	21	0.3
3	79000000	21	0.3
3	79100000	21	0.3
3	79200000	20	0.285714
3	79300000	20	0.285714
3	79400000	20	0.285714
3	79500000	20	0.285714
3	79600000	20	0.285714
3	79700000	20	0.285714
3	79800000	20	0.285714
3	79900000	20	0.285714
3	80000000	20	0.285714
3	80100000	18	0.257143
3	80200000	18	0.257143
3	80300000	18	0.257143
3	80400000	18	0.257143
3	80500000	18	0.257143
3	80600000	18	0.257143
3	80700000	18	0.257143
3	80800000	16	0.228571
3	80900000	17	0.242857
3	81000000	28	0.4
3	81100000	28	0.4
3	81200000	28	0.4
3	81300000	28	0.4
3	81400000	28	0.4
3	81500000	28	0.4
3	81600000	28	0.4
3	81700000	28	0.4
3	81800000	28	0.4
3	81900000	28	0.4
3	82000000	26	0.371429
3	82100000	26	0.371429
3	82200000	27	0.385714
3	82300000	27	0.385714
3	82400000	27	0.385714
3	82500000	34	0.485714
3	82600000	35	0.5
3	82700000	35	0.5
3	82800000	35	0.5
3	82900000	35	0.5
3	83000000	35	0.5
3	83100000	35	0.5
3	83200000	35	0.5
3	83300000	35	0.5
3	83400000	35	0.5
3	83500000	35	0.5
3	83600000	35	0.5
3	83700000	35	0.5
3	83800000	35	0.5
3	83900000	35	0.5
3	84000000	35	0.5
3	84100000	35	0.5
3	84200000	34	0.485714
3	84300000	23	0.328571
3	84400000	23	0.328571
3	84500000	23	0.328571
3	84600000	23	0.328571
3	84700000	21	0.3
3	84800000	21	0.3
3	84900000	21	0.3
3	85000000	22	0.314286
3	85100000	24	0.342857
3	85200000	24	0.342857
3	85300000	24	0.342857
3	85400000	24	0.342857
3	85500000	25	0.357143
3	85600000	25	0.357143
3	85700000	25	0.357143
3	85800000	25	0.357143
3	85900000	22	0.314286
3	86000000	22	0.314286
3	86100000	22	0.314286
3	86200000	22	0.314286
3	86300000	22	0.314286
3	86400000	24	0.342857
3	86500000	25	0.357143
3	86600000	23	0.328571
3	86700000	24	0.342857
3	86800000	22	0.314286
3	86900000	23	0.328571
3	87000000	23	0.328571
3	87100000	23	0.328571
3	87200000	23	0.328571
3	87300000	23	0.328571
3	87400000	21	0.3
3	87500000	17	0.242857
3	87600000	17	0.242857
3	87700000	17	0.242857
3	87800000	17	0.242857
3	87900000	17	0.242857
3	88000000	17	0.242857
3	88100000	17	0.242857
3	88200000	14	0.2
3	88300000	14	0.2
3	88400000	14	0.2
3	88500000	13	0.185714
3	88600000	13	0.185714
3	88700000	13	0.185714
3	88800000	13	0.185714
3	88900000	13	0.185714
3	89000000	13	0.185714
3	89100000	13	0.185714
3	89200000	13	0.185714
3	89300000	13	0.185714
3	89400000	13	0.185714
3	89500000	13	0.185714
3	89600000	13	0.185714
3	89700000	16	0.228571
3	89800000	15	0.214286
3	89900000	15	0.214286
3	90000000	15	0.214286
3	90100000	13	0.185714
3	90200000	12	0.171429
3	90300000	12	0.171429
3	90400000	11	0.157143
3	90500000	11	0.157143
3	90600000	11	0.157143
3	90700000	10	0.142857
3	90800000	10	0.142857
3	90900000	10	0.142857
3	91000000	10	0.142857
3	91100000	10	0.142857
3	91200000	10	0.142857
3	91300000	10	0.142857
3	91400000	10	0.142857
3	91500000	10	0.142857
3	91600000	10	0.142857
3	91700000	10	0.142857
3	91800000	10	0.142857
3	91900000	10	0.142857
3	92000000	10	0.142857
3	92100000	10	0.142857
3	92200000	8	0.114286
3	92300000	8	0.114286
3	92400000	8	0.114286
3	92479059	0	0
