CHR	POS	COUNT	FREQUENCY
3	1	0	0
3	100001	71	0.167059
3	200001	73	0.171765
3	300001	74	0.174118
3	400001	74	0.174118
3	500001	82	0.192941
3	600001	83	0.195294
3	700001	83	0.195294
3	800001	89	0.209412
3	900001	89	0.209412
3	1000001	96	0.225882
3	1100001	99	0.232941
3	1200001	97	0.228235
3	1300001	95	0.223529
3	1400001	96	0.225882
3	1500001	82	0.192941
3	1600001	63	0.148235
3	1700001	63	0.148235
3	1800001	80	0.188235
3	1900001	76	0.178824
3	2000001	81	0.190588
3	2100001	76	0.178824
3	2200001	77	0.181176
3	2300001	83	0.195294
3	2400001	90	0.211765
3	2500001	89	0.209412
3	2600001	89	0.209412
3	2700001	86	0.202353
3	2800001	78	0.183529
3	2900001	79	0.185882
3	3000001	82	0.192941
3	3100001	85	0.2
3	3200001	89	0.209412
3	3300001	88	0.207059
3	3400001	94	0.221176
3	3500001	93	0.218824
3	3600001	85	0.2
3	3700001	77	0.181176
3	3800001	76	0.178824
3	3900001	77	0.181176
3	4000001	78	0.183529
3	4100001	71	0.167059
3	4200001	56	0.131765
3	4300001	50	0.117647
3	4400001	61	0.143529
3	4500001	60	0.141176
3	4600001	58	0.136471
3	4700001	58	0.136471
3	4800001	58	0.136471
3	4900001	53	0.124706
3	5000001	59	0.138824
3	5100001	63	0.148235
3	5200001	59	0.138824
3	5300001	66	0.155294
3	5400001	67	0.157647
3	5500001	68	0.16
3	5600001	68	0.16
3	5700001	65	0.152941
3	5800001	63	0.148235
3	5900001	63	0.148235
3	6000001	73	0.171765
3	6100001	65	0.152941
3	6200001	64	0.150588
3	6300001	63	0.148235
3	6400001	57	0.134118
3	6500001	47	0.110588
3	6600001	47	0.110588
3	6700001	49	0.115294
3	6800001	44	0.103529
3	6900001	41	0.0964706
3	7000001	41	0.0964706
3	7100001	42	0.0988235
3	7200001	45	0.105882
3	7300001	47	0.110588
3	7400001	68	0.16
3	7500001	75	0.176471
3	7600001	78	0.183529
3	7700001	82	0.192941
3	7800001	85	0.2
3	7900001	72	0.169412
3	8000001	79	0.185882
3	8100001	82	0.192941
3	8200001	86	0.202353
3	8300001	86	0.202353
3	8400001	87	0.204706
3	8500001	85	0.2
3	8600001	85	0.2
3	8700001	83	0.195294
3	8800001	51	0.12
3	8900001	53	0.124706
3	9000001	38	0.0894118
3	9100001	53	0.124706
3	9200001	58	0.136471
3	9300001	65	0.152941
3	9400001	65	0.152941
3	9500001	63	0.148235
3	9600001	66	0.155294
3	9700001	58	0.136471
3	9800001	58	0.136471
3	9900001	61	0.143529
3	10000001	60	0.141176
3	10100001	61	0.143529
3	10200001	61	0.143529
3	10300001	60	0.141176
3	10400001	59	0.138824
3	10500001	60	0.141176
3	10600001	59	0.138824
3	10700001	44	0.103529
3	10800001	38	0.0894118
3	10900001	37	0.0870588
3	11000001	39	0.0917647
3	11100001	41	0.0964706
3	11200001	44	0.103529
3	11300001	60	0.141176
3	11400001	88	0.207059
3	11500001	87	0.204706
3	11600001	91	0.214118
3	11700001	90	0.211765
3	11800001	90	0.211765
3	11900001	97	0.228235
3	12000001	92	0.216471
3	12100001	90	0.211765
3	12200001	92	0.216471
3	12300001	91	0.214118
3	12400001	96	0.225882
3	12500001	86	0.202353
3	12600001	80	0.188235
3	12700001	84	0.197647
3	12800001	76	0.178824
3	12900001	76	0.178824
3	13000001	72	0.169412
3	13100001	73	0.171765
3	13200001	64	0.150588
3	13300001	64	0.150588
3	13400001	62	0.145882
3	13500001	72	0.169412
3	13600001	67	0.157647
3	13700001	69	0.162353
3	13800001	83	0.195294
3	13900001	84	0.197647
3	14000001	88	0.207059
3	14100001	93	0.218824
3	14200001	93	0.218824
3	14300001	96	0.225882
3	14400001	109	0.256471
3	14500001	111	0.261176
3	14600001	110	0.258824
3	14700001	97	0.228235
3	14800001	89	0.209412
3	14900001	86	0.202353
3	15000001	85	0.2
3	15100001	86	0.202353
3	15200001	82	0.192941
3	15300001	61	0.143529
3	15400001	61	0.143529
3	15500001	52	0.122353
3	15600001	49	0.115294
3	15700001	50	0.117647
3	15800001	51	0.12
3	15900001	55	0.129412
3	16000001	45	0.105882
3	16100001	48	0.112941
3	16200001	62	0.145882
3	16300001	75	0.176471
3	16400001	75	0.176471
3	16500001	71	0.167059
3	16600001	73	0.171765
3	16700001	72	0.169412
3	16800001	71	0.167059
3	16900001	72	0.169412
3	17000001	69	0.162353
3	17100001	69	0.162353
3	17200001	67	0.157647
3	17300001	63	0.148235
3	17400001	63	0.148235
3	17500001	62	0.145882
3	17600001	60	0.141176
3	17700001	60	0.141176
3	17800001	59	0.138824
3	17900001	57	0.134118
3	18000001	67	0.157647
3	18100001	75	0.176471
3	18200001	60	0.141176
3	18300001	66	0.155294
3	18400001	81	0.190588
3	18500001	90	0.211765
3	18600001	98	0.230588
3	18700001	99	0.232941
3	18800001	102	0.24
3	18900001	103	0.242353
3	19000001	101	0.237647
3	19100001	100	0.235294
3	19200001	100	0.235294
3	19300001	109	0.256471
3	19400001	103	0.242353
3	19500001	91	0.214118
3	19600001	98	0.230588
3	19700001	100	0.235294
3	19800001	99	0.232941
3	19900001	90	0.211765
3	20000001	87	0.204706
3	20100001	87	0.204706
3	20200001	81	0.190588
3	20300001	91	0.214118
3	20400001	93	0.218824
3	20500001	96	0.225882
3	20600001	92	0.216471
3	20700001	93	0.218824
3	20800001	83	0.195294
3	20900001	83	0.195294
3	21000001	69	0.162353
3	21100001	69	0.162353
3	21200001	64	0.150588
3	21300001	64	0.150588
3	21400001	77	0.181176
3	21500001	71	0.167059
3	21600001	80	0.188235
3	21700001	88	0.207059
3	21800001	79	0.185882
3	21900001	85	0.2
3	22000001	84	0.197647
3	22100001	81	0.190588
3	22200001	89	0.209412
3	22300001	89	0.209412
3	22400001	88	0.207059
3	22500001	88	0.207059
3	22600001	88	0.207059
3	22700001	114	0.268235
3	22800001	121	0.284706
3	22900001	176	0.414118
3	23000001	151	0.355294
3	23100001	151	0.355294
3	23200001	157	0.369412
3	23300001	159	0.374118
3	23400001	161	0.378824
3	23500001	149	0.350588
3	23600001	149	0.350588
3	23700001	148	0.348235
3	23800001	147	0.345882
3	23900001	146	0.343529
3	24000001	146	0.343529
3	24100001	113	0.265882
3	24200001	119	0.28
3	24300001	119	0.28
3	24400001	93	0.218824
3	24500001	97	0.228235
3	24600001	108	0.254118
3	24700001	84	0.197647
3	24800001	72	0.169412
3	24900001	68	0.16
3	25000001	89	0.209412
3	25100001	89	0.209412
3	25200001	89	0.209412
3	25300001	89	0.209412
3	25400001	89	0.209412
3	25500001	89	0.209412
3	25600001	88	0.207059
3	25700001	76	0.178824
3	25800001	79	0.185882
3	25900001	71	0.167059
3	26000001	65	0.152941
3	26100001	64	0.150588
3	26200001	63	0.148235
3	26300001	65	0.152941
3	26400001	68	0.16
3	26500001	57	0.134118
3	26600001	58	0.136471
3	26700001	58	0.136471
3	26800001	69	0.162353
3	26900001	69	0.162353
3	27000001	70	0.164706
3	27100001	71	0.167059
3	27200001	65	0.152941
3	27300001	69	0.162353
3	27400001	67	0.157647
3	27500001	69	0.162353
3	27600001	69	0.162353
3	27700001	67	0.157647
3	27800001	71	0.167059
3	27900001	70	0.164706
3	28000001	77	0.181176
3	28100001	79	0.185882
3	28200001	72	0.169412
3	28300001	65	0.152941
3	28400001	103	0.242353
3	28500001	101	0.237647
3	28600001	140	0.329412
3	28700001	150	0.352941
3	28800001	147	0.345882
3	28900001	147	0.345882
3	29000001	182	0.428235
3	29100001	172	0.404706
3	29200001	172	0.404706
3	29300001	172	0.404706
3	29400001	175	0.411765
3	29500001	171	0.402353
3	29600001	177	0.416471
3	29700001	220	0.517647
3	29800001	240	0.564706
3	29900001	239	0.562353
3	30000001	251	0.590588
3	30100001	251	0.590588
3	30200001	263	0.618824
3	30300001	323	0.76
3	30400001	321	0.755294
3	30500001	321	0.755294
3	30600001	325	0.764706
3	30700001	325	0.764706
3	30800001	333	0.783529
3	30900001	333	0.783529
3	31000001	335	0.788235
3	31100001	326	0.767059
3	31200001	326	0.767059
3	31300001	328	0.771765
3	31400001	328	0.771765
3	31500001	355	0.835294
3	31600001	355	0.835294
3	31700001	355	0.835294
3	31800001	327	0.769412
3	31900001	327	0.769412
3	32000001	286	0.672941
3	32100001	258	0.607059
3	32200001	241	0.567059
3	32300001	249	0.585882
3	32400001	243	0.571765
3	32500001	269	0.632941
3	32600001	269	0.632941
3	32700001	264	0.621176
3	32800001	256	0.602353
3	32900001	266	0.625882
3	33000001	360	0.847059
3	33100001	356	0.837647
3	33200001	351	0.825882
3	33300001	351	0.825882
3	33400001	373	0.877647
3	33500001	373	0.877647
3	33600001	376	0.884706
3	33700001	376	0.884706
3	33800001	388	0.912941
3	33900001	388	0.912941
3	34000001	388	0.912941
3	34100001	400	0.941176
3	34200001	417	0.981176
3	34300001	417	0.981176
3	34400001	412	0.969412
3	34500001	418	0.983529
3	34600001	418	0.983529
3	34700001	418	0.983529
3	34800001	418	0.983529
3	34900001	418	0.983529
3	35000001	418	0.983529
3	35100001	419	0.985882
3	35200001	419	0.985882
3	35300001	419	0.985882
3	35400001	419	0.985882
3	35500001	419	0.985882
3	35600001	392	0.922353
3	35700001	392	0.922353
3	35800001	392	0.922353
3	35900001	403	0.948235
3	36000001	397	0.934118
3	36100001	397	0.934118
3	36200001	397	0.934118
3	36300001	387	0.910588
3	36400001	387	0.910588
3	36500001	383	0.901176
3	36600001	398	0.936471
3	36700001	395	0.929412
3	36800001	395	0.929412
3	36900001	395	0.929412
3	37000001	395	0.929412
3	37100001	395	0.929412
3	37200001	395	0.929412
3	37300001	395	0.929412
3	37400001	395	0.929412
3	37500001	356	0.837647
3	37600001	263	0.618824
3	37700001	258	0.607059
3	37800001	254	0.597647
3	37900001	262	0.616471
3	38000001	259	0.609412
3	38100001	258	0.607059
3	38200001	235	0.552941
3	38300001	226	0.531765
3	38400001	226	0.531765
3	38500001	204	0.48
3	38600001	203	0.477647
3	38700001	212	0.498824
3	38800001	209	0.491765
3	38900001	224	0.527059
3	39000001	189	0.444706
3	39100001	185	0.435294
3	39200001	156	0.367059
3	39300001	121	0.284706
3	39400001	142	0.334118
3	39500001	141	0.331765
3	39600001	133	0.312941
3	39700001	96	0.225882
3	39800001	117	0.275294
3	39900001	119	0.28
3	40000001	115	0.270588
3	40100001	148	0.348235
3	40200001	160	0.376471
3	40300001	158	0.371765
3	40400001	158	0.371765
3	40500001	136	0.32
3	40600001	136	0.32
3	40700001	123	0.289412
3	40800001	121	0.284706
3	40900001	125	0.294118
3	41000001	124	0.291765
3	41100001	124	0.291765
3	41200001	132	0.310588
3	41300001	130	0.305882
3	41400001	142	0.334118
3	41500001	153	0.36
3	41600001	172	0.404706
3	41700001	193	0.454118
3	41800001	192	0.451765
3	41900001	186	0.437647
3	42000001	202	0.475294
3	42100001	205	0.482353
3	42200001	218	0.512941
3	42300001	216	0.508235
3	42400001	208	0.489412
3	42500001	208	0.489412
3	42600001	215	0.505882
3	42700001	201	0.472941
3	42800001	199	0.468235
3	42900001	199	0.468235
3	43000001	144	0.338824
3	43100001	122	0.287059
3	43200001	93	0.218824
3	43300001	90	0.211765
3	43400001	112	0.263529
3	43500001	140	0.329412
3	43600001	145	0.341176
3	43700001	144	0.338824
3	43800001	152	0.357647
3	43900001	143	0.336471
3	44000001	150	0.352941
3	44100001	142	0.334118
3	44200001	144	0.338824
3	44300001	145	0.341176
3	44400001	172	0.404706
3	44500001	172	0.404706
3	44600001	171	0.402353
3	44700001	168	0.395294
3	44800001	190	0.447059
3	44900001	189	0.444706
3	45000001	191	0.449412
3	45100001	192	0.451765
3	45200001	192	0.451765
3	45300001	188	0.442353
3	45400001	186	0.437647
3	45500001	186	0.437647
3	45600001	186	0.437647
3	45700001	185	0.435294
3	45800001	184	0.432941
3	45900001	187	0.44
3	46000001	187	0.44
3	46100001	186	0.437647
3	46200001	187	0.44
3	46300001	180	0.423529
3	46400001	179	0.421176
3	46500001	177	0.416471
3	46600001	112	0.263529
3	46700001	110	0.258824
3	46800001	133	0.312941
3	46900001	140	0.329412
3	47000001	134	0.315294
3	47100001	132	0.310588
3	47200001	132	0.310588
3	47300001	115	0.270588
3	47400001	115	0.270588
3	47500001	117	0.275294
3	47600001	106	0.249412
3	47700001	109	0.256471
3	47800001	113	0.265882
3	47900001	108	0.254118
3	48000001	109	0.256471
3	48100001	109	0.256471
3	48200001	112	0.263529
3	48300001	108	0.254118
3	48400001	98	0.230588
3	48500001	86	0.202353
3	48600001	77	0.181176
3	48700001	65	0.152941
3	48800001	63	0.148235
3	48900001	87	0.204706
3	49000001	87	0.204706
3	49100001	104	0.244706
3	49200001	94	0.221176
3	49300001	92	0.216471
3	49400001	95	0.223529
3	49500001	89	0.209412
3	49600001	92	0.216471
3	49700001	91	0.214118
3	49800001	103	0.242353
3	49900001	103	0.242353
3	50000001	100	0.235294
3	50100001	98	0.230588
3	50200001	93	0.218824
3	50300001	94	0.221176
3	50400001	89	0.209412
3	50500001	77	0.181176
3	50600001	67	0.157647
3	50700001	62	0.145882
3	50800001	55	0.129412
3	50900001	58	0.136471
3	51000001	60	0.141176
3	51100001	51	0.12
3	51200001	51	0.12
3	51300001	36	0.0847059
3	51400001	29	0.0682353
3	51500001	36	0.0847059
3	51600001	35	0.0823529
3	51700001	37	0.0870588
3	51800001	40	0.0941176
3	51900001	37	0.0870588
3	52000001	33	0.0776471
3	52100001	33	0.0776471
3	52200001	40	0.0941176
3	52300001	39	0.0917647
3	52400001	39	0.0917647
3	52500001	38	0.0894118
3	52600001	43	0.101176
3	52700001	42	0.0988235
3	52800001	49	0.115294
3	52900001	47	0.110588
3	53000001	49	0.115294
3	53100001	53	0.124706
3	53200001	60	0.141176
3	53300001	60	0.141176
3	53400001	62	0.145882
3	53500001	66	0.155294
3	53600001	71	0.167059
3	53700001	74	0.174118
3	53800001	76	0.178824
3	53900001	86	0.202353
3	54000001	86	0.202353
3	54100001	79	0.185882
3	54200001	70	0.164706
3	54300001	71	0.167059
3	54400001	70	0.164706
3	54500001	64	0.150588
3	54600001	51	0.12
3	54700001	51	0.12
3	54800001	52	0.122353
3	54900001	51	0.12
3	55000001	49	0.115294
3	55100001	51	0.12
3	55200001	54	0.127059
3	55300001	61	0.143529
3	55400001	61	0.143529
3	55500001	66	0.155294
3	55600001	66	0.155294
3	55700001	60	0.141176
3	55800001	59	0.138824
3	55900001	65	0.152941
3	56000001	64	0.150588
3	56100001	64	0.150588
3	56200001	73	0.171765
3	56300001	71	0.167059
3	56400001	67	0.157647
3	56500001	67	0.157647
3	56600001	72	0.169412
3	56700001	70	0.164706
3	56800001	73	0.171765
3	56900001	75	0.176471
3	57000001	76	0.178824
3	57100001	72	0.169412
3	57200001	73	0.171765
3	57300001	71	0.167059
3	57400001	72	0.169412
3	57500001	73	0.171765
3	57600001	74	0.174118
3	57700001	74	0.174118
3	57800001	69	0.162353
3	57900001	67	0.157647
3	58000001	60	0.141176
3	58100001	59	0.138824
3	58200001	63	0.148235
3	58300001	59	0.138824
3	58400001	62	0.145882
3	58500001	53	0.124706
3	58600001	51	0.12
3	58700001	54	0.127059
3	58800001	59	0.138824
3	58900001	62	0.145882
3	59000001	64	0.150588
3	59100001	68	0.16
3	59200001	66	0.155294
3	59300001	101	0.237647
3	59400001	100	0.235294
3	59500001	125	0.294118
3	59600001	129	0.303529
3	59700001	146	0.343529
3	59800001	146	0.343529
3	59900001	160	0.376471
3	60000001	197	0.463529
3	60100001	197	0.463529
3	60200001	197	0.463529
3	60300001	194	0.456471
3	60400001	194	0.456471
3	60500001	220	0.517647
3	60600001	208	0.489412
3	60700001	182	0.428235
3	60800001	182	0.428235
3	60900001	180	0.423529
3	61000001	166	0.390588
3	61100001	166	0.390588
3	61200001	166	0.390588
3	61300001	166	0.390588
3	61400001	164	0.385882
3	61500001	166	0.390588
3	61600001	171	0.402353
3	61700001	150	0.352941
3	61800001	145	0.341176
3	61900001	138	0.324706
3	62000001	86	0.202353
3	62100001	96	0.225882
3	62200001	71	0.167059
3	62300001	65	0.152941
3	62400001	71	0.167059
3	62500001	87	0.204706
3	62600001	78	0.183529
3	62700001	81	0.190588
3	62800001	81	0.190588
3	62900001	75	0.176471
3	63000001	66	0.155294
3	63100001	72	0.169412
3	63200001	63	0.148235
3	63300001	59	0.138824
3	63400001	60	0.141176
3	63500001	68	0.16
3	63600001	72	0.169412
3	63700001	81	0.190588
3	63800001	80	0.188235
3	63900001	82	0.192941
3	64000001	84	0.197647
3	64100001	89	0.209412
3	64200001	91	0.214118
3	64300001	89	0.209412
3	64400001	88	0.207059
3	64500001	87	0.204706
3	64600001	88	0.207059
3	64700001	84	0.197647
3	64800001	83	0.195294
3	64900001	81	0.190588
3	65000001	79	0.185882
3	65100001	84	0.197647
3	65200001	85	0.2
3	65300001	82	0.192941
3	65400001	82	0.192941
3	65500001	77	0.181176
3	65600001	64	0.150588
3	65700001	71	0.167059
3	65800001	55	0.129412
3	65900001	56	0.131765
3	66000001	59	0.138824
3	66100001	59	0.138824
3	66200001	59	0.138824
3	66300001	59	0.138824
3	66400001	60	0.141176
3	66500001	56	0.131765
3	66600001	60	0.141176
3	66700001	52	0.122353
3	66800001	50	0.117647
3	66900001	47	0.110588
3	67000001	50	0.117647
3	67100001	41	0.0964706
3	67200001	39	0.0917647
3	67300001	46	0.108235
3	67400001	46	0.108235
3	67500001	48	0.112941
3	67600001	65	0.152941
3	67700001	71	0.167059
3	67800001	74	0.174118
3	67900001	69	0.162353
3	68000001	83	0.195294
3	68100001	84	0.197647
3	68200001	92	0.216471
3	68300001	98	0.230588
3	68400001	99	0.232941
3	68500001	100	0.235294
3	68600001	104	0.244706
3	68700001	101	0.237647
3	68800001	99	0.232941
3	68900001	98	0.230588
3	69000001	101	0.237647
3	69100001	92	0.216471
3	69200001	83	0.195294
3	69300001	86	0.202353
3	69400001	83	0.195294
3	69500001	76	0.178824
3	69600001	114	0.268235
3	69700001	114	0.268235
3	69800001	191	0.449412
3	69900001	188	0.442353
3	70000001	182	0.428235
3	70100001	174	0.409412
3	70200001	217	0.510588
3	70300001	224	0.527059
3	70400001	222	0.522353
3	70500001	230	0.541176
3	70600001	231	0.543529
3	70700001	231	0.543529
3	70800001	231	0.543529
3	70900001	222	0.522353
3	71000001	224	0.527059
3	71100001	225	0.529412
3	71200001	206	0.484706
3	71300001	205	0.482353
3	71400001	178	0.418824
3	71500001	167	0.392941
3	71600001	172	0.404706
3	71700001	176	0.414118
3	71800001	172	0.404706
3	71900001	171	0.402353
3	72000001	126	0.296471
3	72100001	152	0.357647
3	72200001	152	0.357647
3	72300001	154	0.362353
3	72400001	146	0.343529
3	72500001	140	0.329412
3	72600001	150	0.352941
3	72700001	142	0.334118
3	72800001	155	0.364706
3	72900001	147	0.345882
3	73000001	147	0.345882
3	73100001	129	0.303529
3	73200001	112	0.263529
3	73300001	95	0.223529
3	73400001	107	0.251765
3	73500001	109	0.256471
3	73600001	107	0.251765
3	73700001	107	0.251765
3	73800001	103	0.242353
3	73900001	117	0.275294
3	74000001	115	0.270588
3	74100001	126	0.296471
3	74200001	115	0.270588
3	74300001	110	0.258824
3	74400001	106	0.249412
3	74500001	105	0.247059
3	74600001	101	0.237647
3	74700001	101	0.237647
3	74800001	104	0.244706
3	74900001	87	0.204706
3	75000001	83	0.195294
3	75100001	82	0.192941
3	75200001	80	0.188235
3	75300001	68	0.16
3	75400001	82	0.192941
3	75500001	83	0.195294
3	75600001	68	0.16
3	75700001	67	0.157647
3	75800001	78	0.183529
3	75900001	82	0.192941
3	76000001	82	0.192941
3	76100001	89	0.209412
3	76200001	104	0.244706
3	76300001	101	0.237647
3	76400001	104	0.244706
3	76500001	105	0.247059
3	76600001	105	0.247059
3	76700001	105	0.247059
3	76800001	107	0.251765
3	76900001	99	0.232941
3	77000001	92	0.216471
3	77100001	92	0.216471
3	77200001	95	0.223529
3	77300001	90	0.211765
3	77400001	94	0.221176
3	77500001	102	0.24
3	77600001	95	0.223529
3	77700001	78	0.183529
3	77800001	73	0.171765
3	77900001	74	0.174118
3	78000001	74	0.174118
3	78100001	65	0.152941
3	78200001	63	0.148235
3	78300001	57	0.134118
3	78400001	57	0.134118
3	78500001	59	0.138824
3	78600001	48	0.112941
3	78700001	47	0.110588
3	78800001	42	0.0988235
3	78900001	48	0.112941
3	79000001	46	0.108235
3	79100001	40	0.0941176
3	79200001	40	0.0941176
3	79300001	36	0.0847059
3	79400001	43	0.101176
3	79500001	40	0.0941176
3	79600001	44	0.103529
3	79700001	43	0.101176
3	79800001	50	0.117647
3	79900001	50	0.117647
3	80000001	56	0.131765
3	80100001	58	0.136471
3	80200001	67	0.157647
3	80300001	68	0.16
3	80400001	92	0.216471
3	80500001	89	0.209412
3	80600001	91	0.214118
3	80700001	96	0.225882
3	80800001	93	0.218824
3	80900001	94	0.221176
3	81000001	116	0.272941
3	81100001	114	0.268235
3	81200001	120	0.282353
3	81300001	112	0.263529
3	81400001	119	0.28
3	81500001	118	0.277647
3	81600001	124	0.291765
3	81700001	123	0.289412
3	81800001	118	0.277647
3	81900001	116	0.272941
3	82000001	132	0.310588
3	82100001	119	0.28
3	82200001	84	0.197647
3	82300001	86	0.202353
3	82400001	84	0.197647
3	82500001	85	0.2
3	82600001	77	0.181176
3	82700001	71	0.167059
3	82800001	64	0.150588
3	82900001	66	0.155294
3	83000001	81	0.190588
3	83100001	73	0.171765
3	83200001	74	0.174118
3	83300001	74	0.174118
3	83400001	90	0.211765
3	83500001	89	0.209412
3	83600001	116	0.272941
3	83700001	117	0.275294
3	83800001	126	0.296471
3	83900001	126	0.296471
3	84000001	129	0.303529
3	84100001	110	0.258824
3	84200001	111	0.261176
3	84300001	92	0.216471
3	84400001	89	0.209412
3	84500001	103	0.242353
3	84600001	105	0.247059
3	84700001	106	0.249412
3	84800001	106	0.249412
3	84900001	107	0.251765
3	85000001	110	0.258824
3	85100001	101	0.237647
3	85200001	104	0.244706
3	85300001	89	0.209412
3	85400001	97	0.228235
3	85500001	95	0.223529
3	85600001	95	0.223529
3	85700001	103	0.242353
3	85800001	178	0.418824
3	85900001	178	0.418824
3	86000001	179	0.421176
3	86100001	181	0.425882
3	86200001	182	0.428235
3	86300001	182	0.428235
3	86400001	186	0.437647
3	86500001	176	0.414118
3	86600001	178	0.418824
3	86700001	177	0.416471
3	86800001	170	0.4
3	86900001	169	0.397647
3	87000001	137	0.322353
3	87100001	108	0.254118
3	87200001	106	0.249412
3	87300001	102	0.24
3	87400001	108	0.254118
3	87500001	101	0.237647
3	87600001	84	0.197647
3	87700001	75	0.176471
3	87800001	72	0.169412
3	87900001	81	0.190588
3	88000001	83	0.195294
3	88100001	80	0.188235
3	88200001	84	0.197647
3	88300001	91	0.214118
3	88400001	107	0.251765
3	88500001	107	0.251765
3	88600001	110	0.258824
3	88700001	107	0.251765
3	88800001	114	0.268235
3	88900001	106	0.249412
3	89000001	98	0.230588
3	89100001	102	0.24
3	89200001	98	0.230588
3	89300001	124	0.291765
3	89400001	124	0.291765
3	89500001	123	0.289412
3	89600001	117	0.275294
3	89700001	100	0.235294
3	89800001	95	0.223529
3	89900001	94	0.221176
3	90000001	87	0.204706
3	90100001	88	0.207059
3	90200001	87	0.204706
3	90300001	61	0.143529
3	90400001	71	0.167059
3	90500001	69	0.162353
3	90600001	70	0.164706
3	90700001	65	0.152941
3	90800001	60	0.141176
3	90900001	58	0.136471
3	91000001	50	0.117647
3	91100001	48	0.112941
3	91200001	44	0.103529
3	91300001	44	0.103529
3	91400001	44	0.103529
3	91500001	41	0.0964706
3	91600001	39	0.0917647
3	91700001	39	0.0917647
3	91800001	33	0.0776471
3	91900001	32	0.0752941
3	92000001	30	0.0705882
3	92100001	30	0.0705882
3	92200001	30	0.0705882
3	92300001	30	0.0705882
3	92400001	0	0
3	100000	0	0
3	200000	71	0.167059
3	300000	73	0.171765
3	400000	74	0.174118
3	500000	74	0.174118
3	600000	82	0.192941
3	700000	83	0.195294
3	800000	83	0.195294
3	900000	89	0.209412
3	1000000	89	0.209412
3	1100000	96	0.225882
3	1200000	99	0.232941
3	1300000	97	0.228235
3	1400000	95	0.223529
3	1500000	96	0.225882
3	1600000	82	0.192941
3	1700000	63	0.148235
3	1800000	63	0.148235
3	1900000	80	0.188235
3	2000000	76	0.178824
3	2100000	81	0.190588
3	2200000	76	0.178824
3	2300000	77	0.181176
3	2400000	83	0.195294
3	2500000	90	0.211765
3	2600000	89	0.209412
3	2700000	89	0.209412
3	2800000	86	0.202353
3	2900000	78	0.183529
3	3000000	79	0.185882
3	3100000	82	0.192941
3	3200000	85	0.2
3	3300000	89	0.209412
3	3400000	88	0.207059
3	3500000	94	0.221176
3	3600000	93	0.218824
3	3700000	85	0.2
3	3800000	77	0.181176
3	3900000	76	0.178824
3	4000000	77	0.181176
3	4100000	78	0.183529
3	4200000	71	0.167059
3	4300000	56	0.131765
3	4400000	50	0.117647
3	4500000	61	0.143529
3	4600000	60	0.141176
3	4700000	58	0.136471
3	4800000	58	0.136471
3	4900000	58	0.136471
3	5000000	53	0.124706
3	5100000	59	0.138824
3	5200000	63	0.148235
3	5300000	59	0.138824
3	5400000	66	0.155294
3	5500000	67	0.157647
3	5600000	68	0.16
3	5700000	68	0.16
3	5800000	65	0.152941
3	5900000	63	0.148235
3	6000000	63	0.148235
3	6100000	73	0.171765
3	6200000	65	0.152941
3	6300000	64	0.150588
3	6400000	63	0.148235
3	6500000	57	0.134118
3	6600000	47	0.110588
3	6700000	47	0.110588
3	6800000	49	0.115294
3	6900000	44	0.103529
3	7000000	41	0.0964706
3	7100000	41	0.0964706
3	7200000	42	0.0988235
3	7300000	45	0.105882
3	7400000	47	0.110588
3	7500000	68	0.16
3	7600000	75	0.176471
3	7700000	78	0.183529
3	7800000	82	0.192941
3	7900000	85	0.2
3	8000000	72	0.169412
3	8100000	79	0.185882
3	8200000	82	0.192941
3	8300000	86	0.202353
3	8400000	86	0.202353
3	8500000	87	0.204706
3	8600000	85	0.2
3	8700000	85	0.2
3	8800000	83	0.195294
3	8900000	51	0.12
3	9000000	53	0.124706
3	9100000	38	0.0894118
3	9200000	53	0.124706
3	9300000	58	0.136471
3	9400000	65	0.152941
3	9500000	65	0.152941
3	9600000	63	0.148235
3	9700000	66	0.155294
3	9800000	58	0.136471
3	9900000	58	0.136471
3	10000000	61	0.143529
3	10100000	60	0.141176
3	10200000	61	0.143529
3	10300000	61	0.143529
3	10400000	60	0.141176
3	10500000	59	0.138824
3	10600000	60	0.141176
3	10700000	59	0.138824
3	10800000	44	0.103529
3	10900000	38	0.0894118
3	11000000	37	0.0870588
3	11100000	39	0.0917647
3	11200000	41	0.0964706
3	11300000	44	0.103529
3	11400000	60	0.141176
3	11500000	88	0.207059
3	11600000	87	0.204706
3	11700000	91	0.214118
3	11800000	90	0.211765
3	11900000	90	0.211765
3	12000000	97	0.228235
3	12100000	92	0.216471
3	12200000	90	0.211765
3	12300000	92	0.216471
3	12400000	91	0.214118
3	12500000	96	0.225882
3	12600000	86	0.202353
3	12700000	80	0.188235
3	12800000	84	0.197647
3	12900000	76	0.178824
3	13000000	76	0.178824
3	13100000	72	0.169412
3	13200000	73	0.171765
3	13300000	64	0.150588
3	13400000	64	0.150588
3	13500000	62	0.145882
3	13600000	72	0.169412
3	13700000	67	0.157647
3	13800000	69	0.162353
3	13900000	83	0.195294
3	14000000	84	0.197647
3	14100000	88	0.207059
3	14200000	93	0.218824
3	14300000	93	0.218824
3	14400000	96	0.225882
3	14500000	109	0.256471
3	14600000	111	0.261176
3	14700000	110	0.258824
3	14800000	97	0.228235
3	14900000	89	0.209412
3	15000000	86	0.202353
3	15100000	85	0.2
3	15200000	86	0.202353
3	15300000	82	0.192941
3	15400000	61	0.143529
3	15500000	61	0.143529
3	15600000	52	0.122353
3	15700000	49	0.115294
3	15800000	50	0.117647
3	15900000	51	0.12
3	16000000	55	0.129412
3	16100000	45	0.105882
3	16200000	48	0.112941
3	16300000	62	0.145882
3	16400000	75	0.176471
3	16500000	75	0.176471
3	16600000	71	0.167059
3	16700000	73	0.171765
3	16800000	72	0.169412
3	16900000	71	0.167059
3	17000000	72	0.169412
3	17100000	69	0.162353
3	17200000	69	0.162353
3	17300000	67	0.157647
3	17400000	63	0.148235
3	17500000	63	0.148235
3	17600000	62	0.145882
3	17700000	60	0.141176
3	17800000	60	0.141176
3	17900000	59	0.138824
3	18000000	57	0.134118
3	18100000	67	0.157647
3	18200000	75	0.176471
3	18300000	60	0.141176
3	18400000	66	0.155294
3	18500000	81	0.190588
3	18600000	90	0.211765
3	18700000	98	0.230588
3	18800000	99	0.232941
3	18900000	102	0.24
3	19000000	103	0.242353
3	19100000	101	0.237647
3	19200000	100	0.235294
3	19300000	100	0.235294
3	19400000	109	0.256471
3	19500000	103	0.242353
3	19600000	91	0.214118
3	19700000	98	0.230588
3	19800000	100	0.235294
3	19900000	99	0.232941
3	20000000	90	0.211765
3	20100000	87	0.204706
3	20200000	87	0.204706
3	20300000	81	0.190588
3	20400000	91	0.214118
3	20500000	93	0.218824
3	20600000	96	0.225882
3	20700000	92	0.216471
3	20800000	93	0.218824
3	20900000	83	0.195294
3	21000000	83	0.195294
3	21100000	69	0.162353
3	21200000	69	0.162353
3	21300000	64	0.150588
3	21400000	64	0.150588
3	21500000	77	0.181176
3	21600000	71	0.167059
3	21700000	80	0.188235
3	21800000	88	0.207059
3	21900000	79	0.185882
3	22000000	85	0.2
3	22100000	84	0.197647
3	22200000	81	0.190588
3	22300000	89	0.209412
3	22400000	89	0.209412
3	22500000	88	0.207059
3	22600000	88	0.207059
3	22700000	88	0.207059
3	22800000	114	0.268235
3	22900000	121	0.284706
3	23000000	176	0.414118
3	23100000	151	0.355294
3	23200000	151	0.355294
3	23300000	157	0.369412
3	23400000	159	0.374118
3	23500000	161	0.378824
3	23600000	149	0.350588
3	23700000	149	0.350588
3	23800000	148	0.348235
3	23900000	147	0.345882
3	24000000	146	0.343529
3	24100000	146	0.343529
3	24200000	113	0.265882
3	24300000	119	0.28
3	24400000	119	0.28
3	24500000	93	0.218824
3	24600000	97	0.228235
3	24700000	108	0.254118
3	24800000	84	0.197647
3	24900000	72	0.169412
3	25000000	68	0.16
3	25100000	89	0.209412
3	25200000	89	0.209412
3	25300000	89	0.209412
3	25400000	89	0.209412
3	25500000	89	0.209412
3	25600000	89	0.209412
3	25700000	88	0.207059
3	25800000	76	0.178824
3	25900000	79	0.185882
3	26000000	71	0.167059
3	26100000	65	0.152941
3	26200000	64	0.150588
3	26300000	63	0.148235
3	26400000	65	0.152941
3	26500000	68	0.16
3	26600000	57	0.134118
3	26700000	58	0.136471
3	26800000	58	0.136471
3	26900000	69	0.162353
3	27000000	69	0.162353
3	27100000	70	0.164706
3	27200000	71	0.167059
3	27300000	65	0.152941
3	27400000	69	0.162353
3	27500000	67	0.157647
3	27600000	69	0.162353
3	27700000	69	0.162353
3	27800000	67	0.157647
3	27900000	71	0.167059
3	28000000	70	0.164706
3	28100000	77	0.181176
3	28200000	79	0.185882
3	28300000	72	0.169412
3	28400000	65	0.152941
3	28500000	103	0.242353
3	28600000	101	0.237647
3	28700000	140	0.329412
3	28800000	150	0.352941
3	28900000	147	0.345882
3	29000000	147	0.345882
3	29100000	182	0.428235
3	29200000	172	0.404706
3	29300000	172	0.404706
3	29400000	172	0.404706
3	29500000	175	0.411765
3	29600000	171	0.402353
3	29700000	177	0.416471
3	29800000	220	0.517647
3	29900000	240	0.564706
3	30000000	239	0.562353
3	30100000	251	0.590588
3	30200000	251	0.590588
3	30300000	263	0.618824
3	30400000	323	0.76
3	30500000	321	0.755294
3	30600000	321	0.755294
3	30700000	325	0.764706
3	30800000	325	0.764706
3	30900000	333	0.783529
3	31000000	333	0.783529
3	31100000	335	0.788235
3	31200000	326	0.767059
3	31300000	326	0.767059
3	31400000	328	0.771765
3	31500000	328	0.771765
3	31600000	355	0.835294
3	31700000	355	0.835294
3	31800000	355	0.835294
3	31900000	327	0.769412
3	32000000	327	0.769412
3	32100000	286	0.672941
3	32200000	258	0.607059
3	32300000	241	0.567059
3	32400000	249	0.585882
3	32500000	243	0.571765
3	32600000	269	0.632941
3	32700000	269	0.632941
3	32800000	264	0.621176
3	32900000	256	0.602353
3	33000000	266	0.625882
3	33100000	360	0.847059
3	33200000	356	0.837647
3	33300000	351	0.825882
3	33400000	351	0.825882
3	33500000	373	0.877647
3	33600000	373	0.877647
3	33700000	376	0.884706
3	33800000	376	0.884706
3	33900000	388	0.912941
3	34000000	388	0.912941
3	34100000	388	0.912941
3	34200000	400	0.941176
3	34300000	417	0.981176
3	34400000	417	0.981176
3	34500000	412	0.969412
3	34600000	418	0.983529
3	34700000	418	0.983529
3	34800000	418	0.983529
3	34900000	418	0.983529
3	35000000	418	0.983529
3	35100000	418	0.983529
3	35200000	419	0.985882
3	35300000	419	0.985882
3	35400000	419	0.985882
3	35500000	419	0.985882
3	35600000	419	0.985882
3	35700000	392	0.922353
3	35800000	392	0.922353
3	35900000	392	0.922353
3	36000000	403	0.948235
3	36100000	397	0.934118
3	36200000	397	0.934118
3	36300000	397	0.934118
3	36400000	387	0.910588
3	36500000	387	0.910588
3	36600000	383	0.901176
3	36700000	398	0.936471
3	36800000	395	0.929412
3	36900000	395	0.929412
3	37000000	395	0.929412
3	37100000	395	0.929412
3	37200000	395	0.929412
3	37300000	395	0.929412
3	37400000	395	0.929412
3	37500000	395	0.929412
3	37600000	356	0.837647
3	37700000	263	0.618824
3	37800000	258	0.607059
3	37900000	254	0.597647
3	38000000	262	0.616471
3	38100000	259	0.609412
3	38200000	258	0.607059
3	38300000	235	0.552941
3	38400000	226	0.531765
3	38500000	226	0.531765
3	38600000	204	0.48
3	38700000	203	0.477647
3	38800000	212	0.498824
3	38900000	209	0.491765
3	39000000	224	0.527059
3	39100000	189	0.444706
3	39200000	185	0.435294
3	39300000	156	0.367059
3	39400000	121	0.284706
3	39500000	142	0.334118
3	39600000	141	0.331765
3	39700000	133	0.312941
3	39800000	96	0.225882
3	39900000	117	0.275294
3	40000000	119	0.28
3	40100000	115	0.270588
3	40200000	148	0.348235
3	40300000	160	0.376471
3	40400000	158	0.371765
3	40500000	158	0.371765
3	40600000	136	0.32
3	40700000	136	0.32
3	40800000	123	0.289412
3	40900000	121	0.284706
3	41000000	125	0.294118
3	41100000	124	0.291765
3	41200000	124	0.291765
3	41300000	132	0.310588
3	41400000	130	0.305882
3	41500000	142	0.334118
3	41600000	153	0.36
3	41700000	172	0.404706
3	41800000	193	0.454118
3	41900000	192	0.451765
3	42000000	186	0.437647
3	42100000	202	0.475294
3	42200000	205	0.482353
3	42300000	218	0.512941
3	42400000	216	0.508235
3	42500000	208	0.489412
3	42600000	208	0.489412
3	42700000	215	0.505882
3	42800000	201	0.472941
3	42900000	199	0.468235
3	43000000	199	0.468235
3	43100000	144	0.338824
3	43200000	122	0.287059
3	43300000	93	0.218824
3	43400000	90	0.211765
3	43500000	112	0.263529
3	43600000	140	0.329412
3	43700000	145	0.341176
3	43800000	144	0.338824
3	43900000	152	0.357647
3	44000000	143	0.336471
3	44100000	150	0.352941
3	44200000	142	0.334118
3	44300000	144	0.338824
3	44400000	145	0.341176
3	44500000	172	0.404706
3	44600000	172	0.404706
3	44700000	171	0.402353
3	44800000	168	0.395294
3	44900000	190	0.447059
3	45000000	189	0.444706
3	45100000	191	0.449412
3	45200000	192	0.451765
3	45300000	192	0.451765
3	45400000	188	0.442353
3	45500000	186	0.437647
3	45600000	186	0.437647
3	45700000	186	0.437647
3	45800000	185	0.435294
3	45900000	184	0.432941
3	46000000	187	0.44
3	46100000	187	0.44
3	46200000	186	0.437647
3	46300000	187	0.44
3	46400000	180	0.423529
3	46500000	179	0.421176
3	46600000	177	0.416471
3	46700000	112	0.263529
3	46800000	110	0.258824
3	46900000	133	0.312941
3	47000000	140	0.329412
3	47100000	134	0.315294
3	47200000	132	0.310588
3	47300000	132	0.310588
3	47400000	115	0.270588
3	47500000	115	0.270588
3	47600000	117	0.275294
3	47700000	106	0.249412
3	47800000	109	0.256471
3	47900000	113	0.265882
3	48000000	108	0.254118
3	48100000	109	0.256471
3	48200000	109	0.256471
3	48300000	112	0.263529
3	48400000	108	0.254118
3	48500000	98	0.230588
3	48600000	86	0.202353
3	48700000	77	0.181176
3	48800000	65	0.152941
3	48900000	63	0.148235
3	49000000	87	0.204706
3	49100000	87	0.204706
3	49200000	104	0.244706
3	49300000	94	0.221176
3	49400000	92	0.216471
3	49500000	95	0.223529
3	49600000	89	0.209412
3	49700000	92	0.216471
3	49800000	91	0.214118
3	49900000	103	0.242353
3	50000000	103	0.242353
3	50100000	100	0.235294
3	50200000	98	0.230588
3	50300000	93	0.218824
3	50400000	94	0.221176
3	50500000	89	0.209412
3	50600000	77	0.181176
3	50700000	67	0.157647
3	50800000	62	0.145882
3	50900000	55	0.129412
3	51000000	58	0.136471
3	51100000	60	0.141176
3	51200000	51	0.12
3	51300000	51	0.12
3	51400000	36	0.0847059
3	51500000	29	0.0682353
3	51600000	36	0.0847059
3	51700000	35	0.0823529
3	51800000	37	0.0870588
3	51900000	40	0.0941176
3	52000000	37	0.0870588
3	52100000	33	0.0776471
3	52200000	33	0.0776471
3	52300000	40	0.0941176
3	52400000	39	0.0917647
3	52500000	39	0.0917647
3	52600000	38	0.0894118
3	52700000	43	0.101176
3	52800000	42	0.0988235
3	52900000	49	0.115294
3	53000000	47	0.110588
3	53100000	49	0.115294
3	53200000	53	0.124706
3	53300000	60	0.141176
3	53400000	60	0.141176
3	53500000	62	0.145882
3	53600000	66	0.155294
3	53700000	71	0.167059
3	53800000	74	0.174118
3	53900000	76	0.178824
3	54000000	86	0.202353
3	54100000	86	0.202353
3	54200000	79	0.185882
3	54300000	70	0.164706
3	54400000	71	0.167059
3	54500000	70	0.164706
3	54600000	64	0.150588
3	54700000	51	0.12
3	54800000	51	0.12
3	54900000	52	0.122353
3	55000000	51	0.12
3	55100000	49	0.115294
3	55200000	51	0.12
3	55300000	54	0.127059
3	55400000	61	0.143529
3	55500000	61	0.143529
3	55600000	66	0.155294
3	55700000	66	0.155294
3	55800000	60	0.141176
3	55900000	59	0.138824
3	56000000	65	0.152941
3	56100000	64	0.150588
3	56200000	64	0.150588
3	56300000	73	0.171765
3	56400000	71	0.167059
3	56500000	67	0.157647
3	56600000	67	0.157647
3	56700000	72	0.169412
3	56800000	70	0.164706
3	56900000	73	0.171765
3	57000000	75	0.176471
3	57100000	76	0.178824
3	57200000	72	0.169412
3	57300000	73	0.171765
3	57400000	71	0.167059
3	57500000	72	0.169412
3	57600000	73	0.171765
3	57700000	74	0.174118
3	57800000	74	0.174118
3	57900000	69	0.162353
3	58000000	67	0.157647
3	58100000	60	0.141176
3	58200000	59	0.138824
3	58300000	63	0.148235
3	58400000	59	0.138824
3	58500000	62	0.145882
3	58600000	53	0.124706
3	58700000	51	0.12
3	58800000	54	0.127059
3	58900000	59	0.138824
3	59000000	62	0.145882
3	59100000	64	0.150588
3	59200000	68	0.16
3	59300000	66	0.155294
3	59400000	101	0.237647
3	59500000	100	0.235294
3	59600000	125	0.294118
3	59700000	129	0.303529
3	59800000	146	0.343529
3	59900000	146	0.343529
3	60000000	160	0.376471
3	60100000	197	0.463529
3	60200000	197	0.463529
3	60300000	197	0.463529
3	60400000	194	0.456471
3	60500000	194	0.456471
3	60600000	220	0.517647
3	60700000	208	0.489412
3	60800000	182	0.428235
3	60900000	182	0.428235
3	61000000	180	0.423529
3	61100000	166	0.390588
3	61200000	166	0.390588
3	61300000	166	0.390588
3	61400000	166	0.390588
3	61500000	164	0.385882
3	61600000	166	0.390588
3	61700000	171	0.402353
3	61800000	150	0.352941
3	61900000	145	0.341176
3	62000000	138	0.324706
3	62100000	86	0.202353
3	62200000	96	0.225882
3	62300000	71	0.167059
3	62400000	65	0.152941
3	62500000	71	0.167059
3	62600000	87	0.204706
3	62700000	78	0.183529
3	62800000	81	0.190588
3	62900000	81	0.190588
3	63000000	75	0.176471
3	63100000	66	0.155294
3	63200000	72	0.169412
3	63300000	63	0.148235
3	63400000	59	0.138824
3	63500000	60	0.141176
3	63600000	68	0.16
3	63700000	72	0.169412
3	63800000	81	0.190588
3	63900000	80	0.188235
3	64000000	82	0.192941
3	64100000	84	0.197647
3	64200000	89	0.209412
3	64300000	91	0.214118
3	64400000	89	0.209412
3	64500000	88	0.207059
3	64600000	87	0.204706
3	64700000	88	0.207059
3	64800000	84	0.197647
3	64900000	83	0.195294
3	65000000	81	0.190588
3	65100000	79	0.185882
3	65200000	84	0.197647
3	65300000	85	0.2
3	65400000	82	0.192941
3	65500000	82	0.192941
3	65600000	77	0.181176
3	65700000	64	0.150588
3	65800000	71	0.167059
3	65900000	55	0.129412
3	66000000	56	0.131765
3	66100000	59	0.138824
3	66200000	59	0.138824
3	66300000	59	0.138824
3	66400000	59	0.138824
3	66500000	60	0.141176
3	66600000	56	0.131765
3	66700000	60	0.141176
3	66800000	52	0.122353
3	66900000	50	0.117647
3	67000000	47	0.110588
3	67100000	50	0.117647
3	67200000	41	0.0964706
3	67300000	39	0.0917647
3	67400000	46	0.108235
3	67500000	46	0.108235
3	67600000	48	0.112941
3	67700000	65	0.152941
3	67800000	71	0.167059
3	67900000	74	0.174118
3	68000000	69	0.162353
3	68100000	83	0.195294
3	68200000	84	0.197647
3	68300000	92	0.216471
3	68400000	98	0.230588
3	68500000	99	0.232941
3	68600000	100	0.235294
3	68700000	104	0.244706
3	68800000	101	0.237647
3	68900000	99	0.232941
3	69000000	98	0.230588
3	69100000	101	0.237647
3	69200000	92	0.216471
3	69300000	83	0.195294
3	69400000	86	0.202353
3	69500000	83	0.195294
3	69600000	76	0.178824
3	69700000	114	0.268235
3	69800000	114	0.268235
3	69900000	191	0.449412
3	70000000	188	0.442353
3	70100000	182	0.428235
3	70200000	174	0.409412
3	70300000	217	0.510588
3	70400000	224	0.527059
3	70500000	222	0.522353
3	70600000	230	0.541176
3	70700000	231	0.543529
3	70800000	231	0.543529
3	70900000	231	0.543529
3	71000000	222	0.522353
3	71100000	224	0.527059
3	71200000	225	0.529412
3	71300000	206	0.484706
3	71400000	205	0.482353
3	71500000	178	0.418824
3	71600000	167	0.392941
3	71700000	172	0.404706
3	71800000	176	0.414118
3	71900000	172	0.404706
3	72000000	171	0.402353
3	72100000	126	0.296471
3	72200000	152	0.357647
3	72300000	152	0.357647
3	72400000	154	0.362353
3	72500000	146	0.343529
3	72600000	140	0.329412
3	72700000	150	0.352941
3	72800000	142	0.334118
3	72900000	155	0.364706
3	73000000	147	0.345882
3	73100000	147	0.345882
3	73200000	129	0.303529
3	73300000	112	0.263529
3	73400000	95	0.223529
3	73500000	107	0.251765
3	73600000	109	0.256471
3	73700000	107	0.251765
3	73800000	107	0.251765
3	73900000	103	0.242353
3	74000000	117	0.275294
3	74100000	115	0.270588
3	74200000	126	0.296471
3	74300000	115	0.270588
3	74400000	110	0.258824
3	74500000	106	0.249412
3	74600000	105	0.247059
3	74700000	101	0.237647
3	74800000	101	0.237647
3	74900000	104	0.244706
3	75000000	87	0.204706
3	75100000	83	0.195294
3	75200000	82	0.192941
3	75300000	80	0.188235
3	75400000	68	0.16
3	75500000	82	0.192941
3	75600000	83	0.195294
3	75700000	68	0.16
3	75800000	67	0.157647
3	75900000	78	0.183529
3	76000000	82	0.192941
3	76100000	82	0.192941
3	76200000	89	0.209412
3	76300000	104	0.244706
3	76400000	101	0.237647
3	76500000	104	0.244706
3	76600000	105	0.247059
3	76700000	105	0.247059
3	76800000	105	0.247059
3	76900000	107	0.251765
3	77000000	99	0.232941
3	77100000	92	0.216471
3	77200000	92	0.216471
3	77300000	95	0.223529
3	77400000	90	0.211765
3	77500000	94	0.221176
3	77600000	102	0.24
3	77700000	95	0.223529
3	77800000	78	0.183529
3	77900000	73	0.171765
3	78000000	74	0.174118
3	78100000	74	0.174118
3	78200000	65	0.152941
3	78300000	63	0.148235
3	78400000	57	0.134118
3	78500000	57	0.134118
3	78600000	59	0.138824
3	78700000	48	0.112941
3	78800000	47	0.110588
3	78900000	42	0.0988235
3	79000000	48	0.112941
3	79100000	46	0.108235
3	79200000	40	0.0941176
3	79300000	40	0.0941176
3	79400000	36	0.0847059
3	79500000	43	0.101176
3	79600000	40	0.0941176
3	79700000	44	0.103529
3	79800000	43	0.101176
3	79900000	50	0.117647
3	80000000	50	0.117647
3	80100000	56	0.131765
3	80200000	58	0.136471
3	80300000	67	0.157647
3	80400000	68	0.16
3	80500000	92	0.216471
3	80600000	89	0.209412
3	80700000	91	0.214118
3	80800000	96	0.225882
3	80900000	93	0.218824
3	81000000	94	0.221176
3	81100000	116	0.272941
3	81200000	114	0.268235
3	81300000	120	0.282353
3	81400000	112	0.263529
3	81500000	119	0.28
3	81600000	118	0.277647
3	81700000	124	0.291765
3	81800000	123	0.289412
3	81900000	118	0.277647
3	82000000	116	0.272941
3	82100000	132	0.310588
3	82200000	119	0.28
3	82300000	84	0.197647
3	82400000	86	0.202353
3	82500000	84	0.197647
3	82600000	85	0.2
3	82700000	77	0.181176
3	82800000	71	0.167059
3	82900000	64	0.150588
3	83000000	66	0.155294
3	83100000	81	0.190588
3	83200000	73	0.171765
3	83300000	74	0.174118
3	83400000	74	0.174118
3	83500000	90	0.211765
3	83600000	89	0.209412
3	83700000	116	0.272941
3	83800000	117	0.275294
3	83900000	126	0.296471
3	84000000	126	0.296471
3	84100000	129	0.303529
3	84200000	110	0.258824
3	84300000	111	0.261176
3	84400000	92	0.216471
3	84500000	89	0.209412
3	84600000	103	0.242353
3	84700000	105	0.247059
3	84800000	106	0.249412
3	84900000	106	0.249412
3	85000000	107	0.251765
3	85100000	110	0.258824
3	85200000	101	0.237647
3	85300000	104	0.244706
3	85400000	89	0.209412
3	85500000	97	0.228235
3	85600000	95	0.223529
3	85700000	95	0.223529
3	85800000	103	0.242353
3	85900000	178	0.418824
3	86000000	178	0.418824
3	86100000	179	0.421176
3	86200000	181	0.425882
3	86300000	182	0.428235
3	86400000	182	0.428235
3	86500000	186	0.437647
3	86600000	176	0.414118
3	86700000	178	0.418824
3	86800000	177	0.416471
3	86900000	170	0.4
3	87000000	169	0.397647
3	87100000	137	0.322353
3	87200000	108	0.254118
3	87300000	106	0.249412
3	87400000	102	0.24
3	87500000	108	0.254118
3	87600000	101	0.237647
3	87700000	84	0.197647
3	87800000	75	0.176471
3	87900000	72	0.169412
3	88000000	81	0.190588
3	88100000	83	0.195294
3	88200000	80	0.188235
3	88300000	84	0.197647
3	88400000	91	0.214118
3	88500000	107	0.251765
3	88600000	107	0.251765
3	88700000	110	0.258824
3	88800000	107	0.251765
3	88900000	114	0.268235
3	89000000	106	0.249412
3	89100000	98	0.230588
3	89200000	102	0.24
3	89300000	98	0.230588
3	89400000	124	0.291765
3	89500000	124	0.291765
3	89600000	123	0.289412
3	89700000	117	0.275294
3	89800000	100	0.235294
3	89900000	95	0.223529
3	90000000	94	0.221176
3	90100000	87	0.204706
3	90200000	88	0.207059
3	90300000	87	0.204706
3	90400000	61	0.143529
3	90500000	71	0.167059
3	90600000	69	0.162353
3	90700000	70	0.164706
3	90800000	65	0.152941
3	90900000	60	0.141176
3	91000000	58	0.136471
3	91100000	50	0.117647
3	91200000	48	0.112941
3	91300000	44	0.103529
3	91400000	44	0.103529
3	91500000	44	0.103529
3	91600000	41	0.0964706
3	91700000	39	0.0917647
3	91800000	39	0.0917647
3	91900000	33	0.0776471
3	92000000	32	0.0752941
3	92100000	30	0.0705882
3	92200000	30	0.0705882
3	92300000	30	0.0705882
3	92400000	30	0.0705882
3	92479059	0	0
